-2.7011055181846 -0.982986397387809
-8.50996494364062 0.981686077384369
5.41815573639443 -14.1801811178475
10.8105110205246 10.9037501694024
-9.11686858282469 6.98445727982964
-9.1178873008493 -6.98045725017635
10.8089353521239 -10.9042383130599
5.42055447605449 14.1836060933795
-8.51085875340653 -0.980218841245973
-2.70428474570187 0.988027145426052
-11.6030616067212 8.39162777350578
-15.3687000737728 -8.51004903730555
12.8854105982462 -19.9536451605028
18.0859655240823 17.1126639324322
-16.4935701970758 15.4453014840139
-16.4940968274651 -15.4418446861904
18.0869902377044 -17.1145920934201
12.8851286592352 19.9588963280458
-15.3734495031958 8.50857352231495
-11.6082082996715 -8.39515930967039
9.50765104587367 -16.2322230132609
-11.3095012359225 17.0984738003847
4.06172881742874 -24.4936265839877
9.86705336789868 18.407697407064
-7.74088575611278 -2.59530676611247
-7.74173865982427 2.59377919522869
9.86862067408189 -18.4082635978814
4.05804077722586 24.4957397470358
-11.3045235928221 -17.0984919257579
9.50685038788279 16.2355079451656
-15.1196823213874 35.591509379266
-16.1997356917615 -32.7083378933329
28.1093714006304 6.08676347204966
-14.9365577190842 11.8151553652147
2.42545296848139 -11.5425389885888
2.42225782974296 11.5446149602344
-14.9380591433831 -11.8174265994094
28.1136704091613 -6.08773541410504
-16.200520804732 32.7080019808038
-15.1180306187837 -35.597967786234
-1.65876066114104 -1.8229709682644
10.8302815971193 0.281949980972252
-10.9183086892627 10.451412095186
1.24892360676613 -13.3815730056833
2.03574137177704 7.26591404278082
2.03087599500287 -7.26466590776675
1.24550361753537 13.3721059908383
-10.9222374287224 -10.4481602043697
10.8294287952837 -0.27947799193368
-1.65805142393936 1.8213952027156
12.828121734928 -16.8167675373653
-12.5256392865715 18.4473083783185
6.1799029103706 -23.9515076984669
4.50191464056496 20.2210437950649
-4.45950999087451 -9.86461190994841
-4.45966768717541 9.86364817617736
4.50754733456859 -20.2200969834015
6.18302509903598 23.9527662522562
-12.5276758705874 -18.4427852299772
12.8306582426575 16.821070347419
-8.70193596919676 27.4591998078854
-15.9110053412662 -24.2847639804389
25.8511731653034 2.78675135954356
-16.0464853924234 13.5550013046595
3.99708485543446 -16.2749078462228
3.99782461390596 16.2759363434298
-16.0466528145469 -13.5645198387201
25.8494210072978 -2.78174701581828
-15.9151616856925 24.2858062470739
-8.70031576827569 -27.4571164522005
-0.121883331015871 12.2655913600827
-23.0624470788679 -8.65069240822981
26.6215730402837 -16.0223887002426
-7.69375608759716 26.4289038000108
-1.81945521242273 -17.6308005647456
-1.81943084865091 17.6328618880095
-7.69451962874886 -26.4281900863678
26.6190374943873 16.0291704769907
-23.0676061871714 8.6472175343521
-0.122608782814455 -12.2647037981731
6.04580655303906 0.971445532986297
-0.155538818541209 0.513348316896898
3.32249357138723 5.86968968360569
-13.7392984471668 0.214959837996715
8.89666095399389 -15.7047670774937
8.90038763463677 15.7027739423093
-13.7412834652308 -0.218677816589847
3.32444607111305 -5.86967638019128
-0.161597486476092 -0.519060725169457
6.04966540464647 -0.968660448331597
-8.55970149530048 14.0931101906199
-5.98784939920249 -13.5603786801435
9.65097899537922 0.831290818488746
-0.84764463600573 4.03182461778437
-2.2663538663445 1.6085826940357
-2.26594163585972 -1.60688891638722
-0.849246664030414 -4.0307842285708
9.65400879576814 -0.832135829832371
-5.98386465933488 13.560158396635
-8.56148880167392 -14.0934581593331
4.52427007215663 -26.1056341444538
18.2542746707341 21.9892173982097
-28.832082520327 -1.75434293096784
21.5150447421295 -16.9970547260182
-7.13736073348251 24.6853336534839
-7.13914035716884 -24.6885696142008
21.5129800858715 17.003943364746
-28.8274270706794 1.74947676799871
18.2563503058022 -21.9854911829385
4.52470745842503 26.1026891474035
4.06952801504748 3.04805089408231
-12.3666474344192 -0.669800647147317
13.9740700141413 -9.06448299152772
-7.31445556388033 15.1336507176049
1.46004814080075 -14.7384483291304
1.45675937281524 14.739837783646
-7.31432699118513 -15.1347225335051
13.9780952176154 9.06681683643963
-12.3665615918814 0.668460498811594
4.06848264824835 -3.04794389375319
-10.8201051037459 17.5242645733738
1.37635377436649 -17.6549127308163
4.50354660637717 12.1586007860694
-4.66631974282624 -6.16881501704978
1.73964980457797 3.173558799347
1.7408289811268 -3.17373958139553
-4.66853015527372 6.17221847814386
4.50066576870866 -12.1575711128148
1.3755612819707 17.6599057633578
-10.8196380485407 -17.5249974992734
-5.83860137911874 -0.0305408460110336
-2.41319294332823 -1.06188999836469
-0.515075576842405 -7.9387604382556
13.0657035886238 2.83295397433679
-9.18063626758268 13.7634050388739
-9.18238446992016 -13.7673044197243
13.0700103088561 -2.83262758690844
-0.517054133156018 7.93950448512697
-2.40611794491114 1.0639142247505
-5.84884362402772 0.0277863922366031
-17.8067446413567 26.2487977087536
-4.41437371252737 -26.2419654286166
11.4996168064196 8.59914021904102
-0.784380028778047 -1.09261114109947
-3.07611418309674 8.0329281000684
-3.07394787070468 -8.02813812370602
-0.788137028173106 1.08952653207612
11.5006904381755 -8.59908628396334
-4.41660799210637 26.2393880810723
-17.8128848060285 -26.2432458034932
-12.1928633940203 9.52457002592569
-5.62186812286311 -10.4503446679336
5.07919723834888 -6.74517900284303
13.2242264257894 4.47576499229737
-10.9921869219571 16.2251904538603
-10.9919711331436 -16.2252601979572
13.2221644634725 -4.47497665594406
5.08528606472517 6.74804159819461
-5.62699869707515 10.4468602182194
-12.1901836198546 -9.52477606238821
5.52018257020938 -12.7600715557447
21.0235357467531 10.4475353069621
-22.8554566884178 17.3235020287509
-1.6670682494024 -23.5132369393819
7.51501520574378 5.23614578308849
7.51442018073643 -5.23780547543857
-1.66076047887981 23.5137905843161
-22.8533913191269 -17.3247315835809
21.01470310647 -10.4454609259833
5.5140537402651 12.7590763519028
15.3310938924098 -19.315281807078
6.98752455191543 19.4840137151539
-10.6528844990589 0.287609123110441
-5.65367697228561 -3.84469091829272
7.2836730276795 -10.8928756846783
7.28207277830227 10.8917549404639
-5.65102218795117 3.84844433546155
-10.6508947399383 -0.284732281408997
6.9869660856558 -19.4838878819126
15.3311805120317 19.3125510430644
3.40407983684885 6.53607794415313
-15.3292631504274 -3.57438493870129
18.2473009158998 -9.55483426465518
-9.82034280927283 18.0745956441762
2.04075451240783 -17.9301677633888
2.04117127301156 17.9349623354222
-9.82694657634811 -18.0687722301017
18.250128065173 9.55534709863991
-15.3300769940711 3.5754628387206
3.39952727106667 -6.5356178397707
-12.1690153950796 6.68668220010453
2.31998342655022 -8.67284106324163
-3.27571113554677 0.290452760142032
13.8433052896737 -4.94407429928355
-9.16153776937162 20.5425389750264
-9.15917729005288 -20.5473573952457
13.8397732459789 4.95036196710834
-3.27350854881744 -0.29043136671313
2.32216291583166 8.67193428165731
-12.1673196177847 -6.68471685354672
-6.48493921298189 7.37620846489759
-1.8395847857266 -7.65423547514889
3.0930315771746 0.428427865034862
3.07498678181303 0.393648828777014
-3.1752678292935 5.73788347921444
-3.1827929605622 -5.73754030470199
3.07306856531634 -0.395319609768991
3.09605338352474 -0.428588235858375
-1.8401793080287 7.65065029254014
-6.48935842412956 -7.37474546325046
1.07451150413029 -6.3485998817594
16.3196365442946 4.32474826903546
-17.0343187806997 14.7199114952549
-0.0457687109201332 -19.1891313619608
4.67254446699576 7.10280400873328
4.66961225446778 -7.10274609205856
-0.0483385055975911 19.1880429230329
-17.0342336501477 -14.7241457013749
16.3237674647127 -4.32529277803094
1.07775550081342 6.34833264423667
-4.62612891278702 0.754372486262847
-0.10478322202314 -1.66798693284198
-1.47601365999606 -3.12070021331502
8.37351155163349 -0.225432521648443
-5.59613206775039 10.0444732342449
-5.59970041076184 -10.0438497309324
8.37106905992992 0.225765041161599
-1.464442574419 3.11680223964771
-0.0986526989945606 1.67157447097378
-4.62523791426106 -0.755655327721277
7.69871926432509 2.60484037765834
-4.23429568585727 -0.17580127637534
8.43527665902965 3.82781632888687
-17.7177007475121 5.07686576790696
10.3481813948217 -22.110769875237
10.3493413441622 22.1137817103896
-17.7180556216517 -5.07548385140065
8.43698534145178 -3.82597632959262
-4.23741610093441 0.177809817696902
7.6990533377791 -2.60580506894694
-1.25395494592338 2.0093343182555
-4.06601666448639 -1.67066042762794
4.06939793778669 -4.0109677264195
1.39014391770524 4.64764809070275
-2.11126985433533 0.0303704989936109
-2.11256729654251 -0.0263536046293475
1.39048237507714 -4.64677473076469
4.07370873238635 4.0098417431901
-4.06864999630492 1.66937361179569
-1.25463792965253 -2.01220224597851
-2.62301661768705 3.59756420539192
-10.2199710892707 -2.815393260662
9.60154596445145 -11.2479010508357
4.57548881455465 12.0289691484589
-5.87668998237841 0.691266337967529
-5.8751738985411 -0.690898581983606
4.57319356849773 -12.0276067896259
9.59252086363516 11.2482124887007
-10.2214143878926 2.8103555012886
-2.62463827878508 -3.59683861012972
-24.5410556215703 27.3428017202475
1.90449987489062 -29.2272402794718
3.91177086927414 12.3233874397706
8.48697191820824 -9.61594398281397
-7.70640441972844 23.2058020650054
-7.70650416612906 -23.2062108492212
8.48748335617428 9.61614053737009
3.91557281472204 -12.3215642865655
1.90777016948421 29.2194987183348
-24.5390311238164 -27.3439671161969
10.570299318855 -14.7560542359453
-8.89936042714864 15.8526309533395
3.36639979778372 -18.917951322528
4.42168894174922 15.0633211626356
-3.70524328358096 -6.830879243214
-3.69975954263747 6.82917164848214
4.42508375289733 -15.06529898676
3.36387226091948 18.9186450052909
-8.90501910600324 -15.8504577260555
10.5696997636643 14.7566894990844
3.69373946179868 -6.2773786430837
7.33340869459115 5.61570084097817
-8.28573297627351 5.47499003591059
-1.45477627375768 -7.70788246545489
3.36681232648908 -0.0084452466951713
3.37195283973142 0.00788786756816507
-1.45602310819781 7.7106866957425
-8.28456810284306 -5.47333512760361
7.33100230219969 -5.62229395031623
3.68936647400195 6.28220529384366
-1.08331490427037 -1.97712455353474
3.33935195162036 1.1798350794088
-4.45150358090239 1.1848743808927
3.67212024585295 -3.82423363434561
-1.39753355480731 5.44509339816186
-1.39648251229454 -5.44185174299761
3.66933246150221 3.82567030501768
-4.45057996677116 -1.18700311722097
3.33853281477394 -1.18337121882026
-1.08601720543921 1.97972165143718
6.57471179655329 -4.84460458787498
11.145803466385 4.68441189776782
-9.40399985315834 14.3166717241806
-11.203499344478 -12.7627919670928
10.5817283700681 -8.41784280233159
10.5817280560651 8.4149759825998
-11.2022709650057 12.7642800391305
-9.40842935414907 -14.3179503373596
11.1430080984979 -4.68321808572314
6.57437556006203 4.84519232167175
2.17251203893891 -6.35937552534972
6.51704567218592 5.41738196947658
-8.31119218376922 3.10222340612902
2.12125281706284 -6.72661802867576
0.822487424824355 3.63996333630534
0.822930504649901 -3.63559930206452
2.12548057942701 6.72798172017909
-8.30538835219168 -3.10418765453184
6.51773453648113 -5.42028122089881
2.17577128776951 6.36058731485446
6.21785970641405 -13.8648217762752
1.37881145933331 13.2322996849844
-6.64761953811126 -8.38897318422979
7.35504122123435 1.65457407009527
-3.17138331694466 3.27495052544959
-3.1703182327361 -3.27179643778226
7.35132116689023 -1.65555766718697
-6.65132925695575 8.38663675768577
1.37780914089212 -13.2311608442446
6.22274327677431 13.8541420425503
1.73432382643087 12.416462456567
-12.9206603660523 -9.23375795685158
18.9628479837978 -1.36726074876483
-16.2741620693554 13.6070460368868
6.31510806106464 -21.3770766381645
6.31770977731868 21.3818834178605
-16.2689952950229 -13.6038105230949
18.9630716063809 1.36795970457698
-12.9223112854562 9.23419685640006
1.73627440631577 -12.4159723096044
-0.820516637976713 13.7232022298826
1.5723114016183 -12.1678728449774
6.42050210375245 16.4745971959412
-19.506672085047 -5.16329324676002
11.9026340736038 -15.7225081748374
11.9046879654946 15.7167421534709
-19.5091217533537 5.15790581944694
6.41796338083965 -16.4725445892083
1.57132579766357 12.1708680979639
-0.82081974305111 -13.7262864626543
-0.325979931006292 9.37425563152604
-2.70691540362604 -7.9368959949812
7.66941848975177 6.61938189316543
-12.108153935709 1.27543178450531
6.39748778463947 -11.6293342341652
6.39929988984638 11.625086838203
-12.1098084435768 -1.27831275937255
7.66988422364274 -6.61888964761386
-2.70854537093558 7.93332984473962
-0.322905829687374 -9.37633517508478
6.24778091124839 -31.7109041172031
10.9732598186675 27.8372023604261
-25.2566054178614 -15.8064276362165
29.6232199391443 -6.42413104787807
-13.7382738715669 27.2088954298922
-13.7373409350696 -27.2088121060067
29.6165193285432 6.42771764980336
-25.2578864130433 15.8109012314542
10.9726562133371 -27.8359106366195
6.24574057701596 31.7126371221021
-16.6129421972965 44.504326097949
-33.8454554852907 -39.228728344981
47.5944555524943 -7.84518606781473
-17.2671641317847 32.0832902385299
-1.26298138152206 -21.0883471341235
-1.26724608939979 21.089233698801
-17.2678252304917 -32.0818452707343
47.5902291841759 7.84215345807286
-33.8456651917704 39.2277809484723
-16.6140336146378 -44.5019312945557
-6.22113406981109 -1.70868123563318
-0.168380754150181 0.105048295075022
-3.55818547015229 -7.24353686881768
15.3375393515315 0.361687978909035
-9.96488341641942 17.0502674137389
-9.96535591501347 -17.046632832489
15.3368228339675 -0.358777602647852
-3.5606210871546 7.24087852495485
-0.170673379463679 -0.107876913521591
-6.22524391063121 1.70493503452615
8.98216427768162 -17.0578195550021
-3.18134584883524 16.9958650690656
-3.50028878916138 -15.4660945718201
8.53302415721492 8.28175955574686
-4.77155546829722 0.446930847647143
-4.77616287371338 -0.448530096166583
8.53328611758467 -8.28498551088317
-3.49659644047728 15.4653115661225
-3.17958118348272 -16.9994312602862
8.98176683004536 17.0556832928401
15.3402339657099 -8.32408788553619
0.409069282061291 10.5557558830085
1.3845515859662 4.01797663773488
-19.1196023533157 1.98134753534203
13.4532240565899 -25.7578097357473
13.4589274978035 25.7558535718529
-19.1113754605557 -1.98392071743427
1.38737657506753 -4.01578341835369
0.409463876793026 -10.5513948648885
15.3418568191951 8.31948376596919
-6.57725865582373 5.57995130065717
2.79578461711443 -6.52088844802804
-1.90502862905432 4.29696347826618
3.85584011803575 -5.07718907763364
-2.37127888400562 8.68627212148749
-2.37216992280099 -8.68836270596322
3.8571271659109 5.07566931080508
-1.90489311287225 -4.29615729497464
2.79877766077832 6.51983295776494
-6.58024122474212 -5.58395340541095
-6.87647532593102 7.81636713430918
0.418525098876475 -8.31087265108862
1.2888009161705 3.47688156458529
2.1918378117439 -2.58419656810256
-2.08308370851294 6.2886092766604
-2.08100587207757 -6.28664441284565
2.1912642644655 2.5840257753992
1.28602423777931 -3.48119749839217
0.420881940129049 8.31267373205872
-6.87410287946751 -7.81889414095969
-7.37223625832264 2.64061164558798
4.98810662840519 -4.34564204049377
-5.83467493398675 3.18693405218837
8.89128651764188 -7.20784051818854
-4.86291662562786 14.5982930394318
-4.86057649408696 -14.5993823705865
8.89304298309035 7.21156061441486
-5.83482758990678 -3.18719715748317
4.99209090964745 4.3418421003623
-7.37219733538654 -2.64002802175878
-15.2625394541368 26.882182418951
-6.52400467482391 -26.0447202645897
14.7631144875503 8.72001257517558
-6.00327332556872 1.53775873288032
-0.226517677703634 0.933629179650998
-0.226429286005165 -0.937421926247134
-6.00397597673766 -1.53669426635308
14.7617183439558 -8.71526754942624
-6.52619783933711 26.04930623102
-15.2578388956558 -26.8833868813136
0.9865068037663 -9.69227498056251
19.2159551818892 6.94052850531394
-21.4845510634969 14.6626367933745
3.82327244573794 -22.1017214664042
3.16985171267822 11.9040986127453
3.16902780829042 -11.8999032876734
3.82006066959076 22.1026768510378
-21.4813300236638 -14.6600074663845
19.2141837025261 -6.94362840423932
0.984822317680638 9.68983885140391
-20.6918420042245 33.4964318659328
-17.384685414765 -32.035867219
25.4666604919523 -2.35062399042969
0.108202208129587 13.5863048939644
-7.56280307288018 4.36681537820156
-7.56535452328139 -4.36380640599531
0.103982631360165 -13.5871471943421
25.4663509137896 2.34871712734446
-17.3912259633786 32.0316918690487
-20.6953525124448 -33.4943655723281
-9.83331913688426 27.5976440539574
-9.42713292392461 -25.2102740542691
19.9737403870972 10.2785461708785
-16.8486558038979 5.26029528502784
6.11099873564062 -13.1793118702655
6.11181102767467 13.1813989411812
-16.8482660661467 -5.25991891553946
19.9754739095143 -10.2815971410321
-9.42840809742216 25.2058759124582
-9.83092056542401 -27.5922732915703
-14.8054128155198 27.5183790942672
-17.4228269665339 -25.5584072635701
24.5089465266859 -4.12498342247468
-2.97769296516549 15.2182142299805
-4.97900897559147 -1.90729628553522
-4.97478095698067 1.91111459128885
-2.97532500663155 -15.2207594972743
24.5097171366723 4.13433681683441
-17.4215547254469 25.5586688533582
-14.8100027408665 -27.5154152159097
-9.49964689745799 -0.313840084096095
10.7215300550616 -2.75781790546523
-13.3276446944457 5.50138636499075
15.0616862805254 -13.887719506339
-7.21496214604834 23.9932997758467
-7.21799638244067 -23.9926056179328
15.0601032877147 13.8872956041716
-13.3280890030808 -5.49872615683377
10.7211980890296 2.75415849951445
-9.49651782169575 0.305476112534942
-18.667061128636 10.6860126876573
15.4351664216289 -15.4162149787849
-13.4411238927299 17.0706838115202
12.8113909310025 -22.0962459720524
-5.93708290892302 29.2187088330307
-5.93650941706878 -29.2178602990113
12.8104761410148 22.0981049983868
-13.4400779228776 -17.0709625841785
15.4333048062117 15.4189865857518
-18.6625657658253 -10.6896485096945
16.0248953013926 -7.88035663090027
-14.944285565682 10.9128838791958
16.2059534425503 -13.5475840274052
-16.7295278245554 22.0079410798727
7.72821799898528 -32.060755834551
7.72959301930473 32.0655106541443
-16.7294488173511 -22.0084862929227
16.2054809935139 13.5442050115133
-14.9455128167529 -10.9163247629723
16.0229380114955 7.87876772087425
6.47708052395155 -18.7044188708633
-0.463611863410187 16.9063966031985
-6.51085414475456 -14.8826107105609
12.4334032540304 5.74784803547255
-6.81998689481119 6.01758344991649
-6.81979613715853 -6.01457427194929
12.4320284450312 -5.74875948563179
-6.50973203248002 14.8793404800098
-0.464411273399478 -16.9063732196997
6.47843978088965 18.7087599210523
-14.870121710617 8.72322587235241
-4.35844539491194 -11.1879088520092
3.71845408489855 -7.23502367845041
16.8719998644428 3.59034952362884
-13.3171945447456 20.9957278119436
-13.3141193377926 -20.9938239383523
16.868952578895 -3.58589299841492
3.72014788150121 7.23831429577574
-4.35970110642214 11.1877573066161
-14.8709568330723 -8.72565130476859
-7.37203253850049 13.4540204333745
2.95227959127733 -14.2356167576048
3.59863268528542 13.5072333857791
-8.78367980873642 -6.46441764689598
4.90632975205316 -2.38577417279463
4.90375831303173 2.38439553869767
-8.77876126401775 6.46376975605892
3.59034177509889 -13.5091131411759
2.95043273316409 14.233205650637
-7.37324682306731 -13.4533450853081
14.2791989478627 -20.996668961845
7.25394197311766 20.6831893731135
-12.321825060746 -2.10668183066606
-1.10433697496435 -3.84424071708986
4.51745770736651 -6.17134704933195
4.51611226129917 6.16887342399269
-1.10129190353929 3.84220639680843
-12.317938688978 2.10283853135297
7.25299838574102 -20.6775536640122
14.2782187570427 20.9925861740136
-3.09534035429922 -9.36841777054407
9.63830280794974 6.57865471348198
-14.9930953313032 -0.58212836617425
15.9788308799778 -10.1962384934424
-7.22288587376856 20.3814013386065
-7.22114018357924 -20.3811178325073
15.9775085130227 10.1995181643218
-14.9907865885424 0.580664384966446
9.64136502661679 -6.57834898851815
-3.09670994142362 9.36826530925753
7.38559412994516 -13.9760180844384
2.66561292650703 13.4820034448921
-7.29728267104509 -5.90651211168336
4.56085546731976 0.0997467655302616
-1.00681570301431 0.75237683382618
-1.00912319279231 -0.754988369115256
4.56202438845616 -0.103551590664414
-7.29602497001855 5.91050056881669
2.67126243520897 -13.48307016369
7.38396570066586 13.9747211618461
-4.50119231476325 16.0515418248531
1.32842883250051 -14.9768013474146
6.39998050312209 15.6824319350353
-15.3425090405899 -5.52610847065187
8.88132589073105 -9.97293274535731
8.8846998633748 9.97329289373218
-15.3424513270735 5.52799840379132
6.40316231194131 -15.6858986102299
1.32870508186435 14.9754759059451
-4.50421325380864 -16.0456978167938
17.196997911841 -14.7532126470632
-11.1971924606452 17.5149910101925
8.16991196803573 -16.3688549545877
-8.09478991631003 18.2327904245497
3.95505873940454 -22.8443922531777
3.951453733396 22.8470437703156
-8.09727876887635 -18.2340061187464
8.17056419324007 16.3678098049121
-11.1975382382034 -17.5101302230433
17.1966665897069 14.7538073921983
-6.38783739128799 -3.90513678284552
13.0498735035113 0.839903277238845
-16.0645637561594 7.08076317860053
13.0171341774188 -15.8997600346596
-4.95585934104912 21.4373603554844
-4.95301065749661 -21.4373909887534
13.0172894672522 15.899670985462
-16.0613347551987 -7.08312793606301
13.0490330399952 -0.839191736352962
-6.38825160247114 3.90111091977564
-18.3770499716054 17.0133720801463
10.2231595334964 -19.647362331099
-6.52873246938248 16.6368882759133
7.57246075835425 -17.5574047456976
-4.06332362167025 22.6419685262869
-4.06758730578281 -22.6414113689795
7.57143451043756 17.564172245572
-6.52681228327181 -16.6403160631433
10.2193680884901 19.6489232848974
-18.3773739967929 -17.0092586478701
-5.81582781057837 6.48689622356186
7.28128278492192 -7.51371826970493
-4.82433293378719 11.6527538635383
-1.07314057477405 -10.9367095492589
1.8889859933836 6.07816865592608
1.88946962365544 -6.07395296013504
-1.07003779260711 10.9363814115403
-4.82227593306143 -11.654551572088
7.28266764613156 7.5164958455561
-5.81647006052683 -6.49008652812406
-3.90689201577642 10.4654724542889
-20.5805368871574 -8.14845828971424
21.8266293466792 -17.9618212793099
1.60342718770785 23.542613505314
-7.14282472692562 -6.05970898539518
-7.14647886342941 6.05865148099443
1.60152695405809 -23.5445226580953
21.8279012572613 17.9604607610402
-20.5858685334361 8.14595256196901
-3.91031982032088 -10.4708229400975
27.3629799993761 -11.9787899697347
-17.444587207155 17.9121895847912
19.4678858310997 -12.8847692048989
-30.2062936401624 25.9101882373647
16.676475405955 -51.2372823523808
16.6773877949142 51.2395075558656
-30.2055140830267 -25.9176609885606
19.4684533917644 12.879943834998
-17.4446265321001 -17.9113252136659
27.3656722390175 11.9796145570966
0.963826085398942 -7.1079089727224
18.8416685307406 4.73773243582587
-19.6506548910261 17.0130902353182
0.175114948102439 -22.2162008475547
5.22153121239136 8.56328059070897
5.22670718442343 -8.56175646925199
0.173009767544893 22.2181144012397
-19.6495295105143 -17.0170560866554
18.8407821420384 -4.74137767098513
0.96189704300299 7.10513761586127
-3.17654043208254 16.3906457707249
-10.9814848842331 -13.9199728135931
17.5544982098393 1.43513175236259
-13.0423690491793 10.0552333511284
4.29218331203041 -14.6667104078959
4.29414450392223 14.6602655462605
-13.0457490294652 -10.0541300219974
17.5509476743252 -1.43618168558089
-10.9802744289807 13.9233137251828
-3.17512916582019 -16.3931694740266
-8.58775919335885 13.2537316877146
0.0320150231820272 -13.3584105599671
4.07486067527513 7.57340727772084
-2.24689366999176 -3.40776861726412
0.226847034451378 3.28496956892274
0.225741773275517 -3.28906836790699
-2.24372173673508 3.40733237501231
4.07924200355502 -7.57271317554504
0.0357382494599906 13.3583673857252
-8.5877355928742 -13.2549287307234
-3.84148994544505 14.7672687227033
-9.25035140336745 -12.8151496011297
14.8438874483233 1.31480289136763
-10.0464460150778 8.20004400800715
2.90623486295445 -10.8203266387471
2.90860992354296 10.8209787500293
-10.0414845036361 -8.20551975855554
14.8478763561925 -1.31080449682786
-9.24866642349642 12.8182112959864
-3.83348924854919 -14.7687801950575
4.69222969998573 -11.9819826614776
-8.46413103508486 12.117265625463
2.08761441046752 -20.1513630718739
12.0916744707706 13.645158237994
-8.90137478109605 3.62518525289469
-8.90218248376228 -3.62728997821329
12.094229449867 -13.6443863472553
2.08783556931003 20.1489813696183
-8.46526187412347 -12.1146521575806
4.69055730974973 11.9818331589553
-2.31128276737901 4.73986858485645
7.0743264775893 -5.209385416164
-4.16297212225546 12.3483444144172
-5.51684195321653 -10.1368252234593
4.92504799252084 -0.0106183342957593
4.92452300190018 0.0105102975238981
-5.51498597582698 10.1397777050784
-4.16525601202695 -12.3488409939665
7.07798733145238 5.21353549709195
-2.31406014881466 -4.74222962584487
5.32058069114906 -11.8359696574427
6.7666936936921 10.8215776363266
-10.382998537023 -0.0158945880972289
3.75122757515477 -5.67124171518812
0.333947091706713 3.25947327899224
0.336326136340295 -3.26263495625336
3.75467485537486 5.6691256118665
-10.3840702472968 0.0246082766926036
6.76518175801551 -10.8249468112133
5.31891073212924 11.8376011869862
10.5849709903247 0.503620779346826
-18.2185443689713 3.47063973489505
20.2318574056238 -13.9592540670958
-14.2084979823228 23.3871835966264
4.77952139745893 -27.492459405629
4.7782677797163 27.4907891501658
-14.204865991144 -23.3859312790042
20.225067054122 13.9590457742717
-18.2194504788453 -3.47164354122285
10.589178947937 -0.506593193447541
8.57657383777828 -5.83930953671487
5.65913707731363 6.46043380016599
-4.50017511648452 7.86763442184061
-11.3464186297376 -5.49960836451277
9.40893116585909 -12.3774620353231
9.40855571446652 12.3791383822447
-11.3464213486566 5.50173627408441
-4.50065739731098 -7.86710151733515
5.65900130507685 -6.46161983791258
8.57423808945043 5.83949388111036
0.716508319693918 4.07448269426857
-8.03057203313613 -2.66958739670044
9.48171861576604 -5.16098202227813
-3.94345466852844 9.27381722621298
0.213540687381513 -7.7002608384033
0.216962511659218 7.69864402453165
-3.94347245317967 -9.27177715201686
9.48001647758695 5.16754020247884
-8.02835367801347 2.6736354540939
0.720849928805516 -4.07651622514545
2.79355296914881 -9.65826228354362
-8.15157416991102 9.66722198647865
2.37776468629499 -18.7671473222098
12.3682165353594 12.6467689710413
-9.22869174073017 5.16302675550273
-9.22544760866898 -5.1638875695034
12.3722298557332 -12.6489217795069
2.37752409708515 18.7632692283061
-8.15267804479231 -9.65702659976294
2.79399586300424 9.66160413375203
-3.86793987529978 0.311755645621816
1.95712792458479 -1.2910214967805
-3.13733212093498 -0.35921973452143
6.56903659436276 -2.70190102925224
-3.86087459231262 9.00142547550895
-3.86467169688311 -9.0008535912599
6.56765944366133 2.70251916042821
-3.14080706109549 0.361015756183372
1.95898471161171 1.29487006073132
-3.87034985359147 -0.308940968859084
18.5917593058062 -15.1948847654117
13.7780466516422 16.0722024507011
-12.5338176750006 16.1879296801601
-21.4907209762524 -13.2612930168778
18.9845413613425 -23.4162337040937
18.9842489418306 23.4140136848536
-21.4929884898274 13.2663635771974
-12.5338673342704 -16.1821614993147
13.7797153356476 -16.0774997864625
18.5890660447846 15.1964932344216
5.84069234663301 -23.5665852491707
8.74502208210966 20.8998254726763
-18.7505892914357 -10.0080866868089
19.3060808279399 -5.47468052208367
-8.28551944567056 17.4202843625778
-8.28390132903068 -17.4237348611661
19.3081194325257 5.47785993584304
-18.7495403952024 10.0068055296869
8.74841976452115 -20.9025548271393
5.83858439204088 23.5624582619147
7.98725101909685 -7.77229937994388
6.92932548735844 7.89124892921431
-6.96981708627184 6.86754170607464
-7.83290460777015 -6.69270432037643
7.60023096878332 -8.35658655522583
7.60025144806119 8.35722801974689
-7.83105073357757 6.69108724380241
-6.96629938141118 -6.86607616867775
6.92317456392349 -7.89148053203686
7.99498046123349 7.77323873029327
-11.3668467749841 14.5980792369579
-0.667742140822841 -15.0707772209093
4.25617883696411 5.86313608651845
1.7377418354558 -2.93387702888618
-2.69883934325824 8.10266084228846
-2.70143859628346 -8.10092315658644
1.74148019571406 2.93435032042664
4.26193898220437 -5.86415300331136
-0.670706694307195 15.0722325458149
-11.3649261232148 -14.5965243171543
-7.1651227839539 -6.87774102868089
0.563261552207834 4.30748552051276
-7.63697308340039 -12.7983172481649
24.6548417774097 0.579926937063456
-15.4181092674199 26.0715166517723
-15.4108424734281 -26.0735151274162
24.6534323013047 -0.57835259406088
-7.63232484620873 12.8002729562347
0.560366781920709 -4.30626687994587
-7.16680317084928 6.88322885476427
15.2547334577914 -1.71856696883923
-7.17281128152826 5.48545459196678
11.6246397499373 1.5505404441318
-25.3871584288738 10.0805774787234
15.0758175191311 -34.7832518344539
15.0730845704115 34.7782170619414
-25.3868274722466 -10.0824655849845
11.6314628738015 -1.55086331165946
-7.17192102343077 -5.48468641685803
15.252007709155 1.71742689703711
4.22039073042612 -16.5638635523171
10.5184355248902 14.3452380779098
-16.8112564397935 -1.35827475765404
11.3679324525729 -9.38132897619553
-3.29012225834171 12.3512456898207
-3.28839667233405 -12.3479619644742
11.3620219225084 9.38177899258188
-16.8080293748151 1.35271247167725
10.5184292218201 -14.3404647831822
4.22568409347489 16.5658053270549
5.30196925097824 -3.91948594915659
-17.692181730379 6.0749238513735
14.8886638740203 -22.5354593364243
2.96161425835003 23.5278887577432
-5.94816015427 -9.10480974124594
-5.94986492477861 9.10343001310825
2.95519834772526 -23.5278001948601
14.8897588531051 22.5396393845867
-17.6900698365385 -6.07682683904684
5.30338595732509 3.92153321371053
8.78810103706428 -13.0962462824125
0.321848093916179 13.2306055461052
-4.20054777612539 -6.77858371400126
1.44902448335324 2.92526347171568
0.378168322685556 -3.9216247503939
0.376401112658402 3.92392944415001
1.45066169546608 -2.91896033331485
-4.20338847371369 6.7788561943073
0.320923538347127 -13.233640987294
8.78460543080218 13.0953360286642
4.55252456318403 -9.19973936494001
-21.2423146710202 10.7800770521372
14.4358667297207 -33.5243852168646
13.9674843506212 29.2020360446002
-13.5652652062052 -0.757290073430894
-13.5671841847529 0.756172704928232
13.9692980598015 -29.2014620397433
14.4341069454483 33.5216747428813
-21.2404240068389 -10.7766337503284
4.55054925346277 9.20070949958258
-20.4807828377516 14.744131169392
22.9955133268083 -19.2437002836638
-19.5335680912108 28.7055905680627
9.52151282993391 -33.3066127169282
-1.96993595938432 31.7032144061979
-1.97305154974226 -31.7041227203475
9.51838466258746 33.3027493191973
-19.5346737870526 -28.7045693620166
22.9949094046791 19.2444202218133
-20.4759486087976 -14.7412368751174
-10.9072522066885 -8.67524411788741
4.67087024493807 4.67503704815341
-13.781410540746 -12.6219864548501
33.1405188755666 -4.3679735253747
-19.7972570655727 37.6905759038617
-19.8035854175954 -37.6889897851725
33.1369869746828 4.37248837943927
-13.778282038161 12.6202177282733
4.67400972521699 -4.67801755284948
-10.9126362770883 8.67668219800002
13.0694416368468 -17.9508842661249
-0.464075820716351 18.4424570035073
-4.54893547424994 -9.59240523108277
0.287439950780388 5.19223185377018
1.41230669854442 -7.91627096187475
1.4078947625727 7.91652897851621
0.281485266056595 -5.19444656884734
-4.54562416540049 9.59332117028824
-0.462845564515118 -18.4422241857681
13.0658218110966 17.9489343936946
4.19695434816354 -6.86175328341363
-10.6123575478767 7.76545635539521
6.71357673667376 -17.6624759084933
6.43398320314461 15.1888391325859
-6.20515154815716 -2.02592320989552
-6.20654155990168 2.02168807639824
6.43034476476461 -15.1920572744167
6.7156460997556 17.662531751453
-10.6227617551563 -7.7619704869305
4.19577625846266 6.86027778333682
10.6378965852517 4.55240008569245
-17.7346175423851 -0.0546481145951717
22.2351573275878 -8.83756359916269
-20.5576927393593 21.8569186949407
8.69411937175527 -32.8253568385957
8.68785537363977 32.8207977704782
-20.5647968427372 -21.8537993555864
22.2335515775639 8.83712164883429
-17.7398197325382 0.0548279767165269
10.6345848042183 -4.55066660043448
-2.94425631784741 -1.45234387833854
-3.5765094847764 0.9075367156322
0.88155748498624 -8.60576616454362
9.7906649516217 4.75229481978664
-7.18365555000964 8.60202884708013
-7.18801205399668 -8.59900135505815
9.79560527763366 -4.75028394881815
0.879717053758272 8.6043046070605
-3.58190264287017 -0.909034383908367
-2.94419336029598 1.45288225794224
-10.6207542637642 5.54451743947339
-0.548272827103136 -7.09810418674377
-0.865476865703894 -3.34770818428404
13.6755718264578 -0.992535115036631
-9.64567088210635 18.0870193501061
-9.64846155181938 -18.0858750943171
13.6721552681444 0.99235495039326
-0.860497401008574 3.35084291739729
-0.541537735839583 7.09843740541987
-10.6185677808503 -5.54416009375574
3.26229571131872 0.0916499195942219
-2.25980960025016 0.836848036443164
3.37387355030109 -0.0861330160938709
-5.79268538884918 2.96755944823611
3.24178696047075 -8.09923921365858
3.24268200875124 8.1031460258146
-5.79560515612608 -2.96809132454798
3.37200773676453 0.0879447343172314
-2.26325838474137 -0.837375397973001
3.25988757011918 -0.0936263087697291
9.09685215000211 -13.0297578845119
-5.97963180550099 13.7810556032799
1.2837567079466 -14.4896216188051
3.53166405426348 10.9091015213985
-2.55872953584592 -5.3141813380801
-2.55866388453469 5.31042848866389
3.53174683517675 -10.9110432076056
1.28985091050628 14.4907488980013
-5.97979965294343 -13.7815471217944
9.09373325977303 13.0208303142486
-10.9028883069231 -5.95612589422625
12.2839782303786 1.67565474735172
-18.5831053975014 0.103554995588444
25.6530217569572 -14.6362066376687
-13.2582804766685 34.8113198074869
-13.2571902023767 -34.8155093692684
25.6566035253786 14.637462428699
-18.580554130636 -0.104503289067272
12.2873528957194 -1.67562400517079
-10.9024206896659 5.96020577647175
-3.24003061991242 -3.89119561580664
9.05649214172 1.87124298197397
-11.3225001126198 4.59162125418845
8.36357805346976 -10.7167671159664
-2.88633991134829 13.5679984540345
-2.88645326141391 -13.5697138293818
8.36248230873411 10.7062089090547
-11.3275578413332 -4.59331120354893
9.05504284942479 -1.8670273695206
-3.23830314376655 3.88880557489878
4.86957050986503 -8.02294698815777
5.94476361393552 7.50140071544594
-7.6351014346136 2.75962228567106
-0.644905165349539 -5.51419887909306
2.65825699341409 -0.674432315120776
2.65793981609275 0.680473053739177
-0.644584101774867 5.51209601284698
-7.63638041931505 -2.7631287996501
5.94639073080246 -7.49938386391194
4.86719392434241 8.02205067044045
-9.92676221598978 8.12965580659707
-6.60457837693245 -8.65881492990029
6.06900862024747 -7.66542627515439
11.1097518225969 6.13060819431141
-9.71028649336962 12.5413763795535
-9.7087252480437 -12.5442746247531
11.1099684958125 -6.12723490307534
6.06894124389039 7.6647526694342
-6.60550565414327 8.65613753664449
-9.92397079902665 -8.12817476699102
