0.05230840431745087 0.3611778395547674
0.48851717739826556 -0.1658884017852742
0.6212067576777293 -0.9538091639058259
0.10848777472768403 -0.6998074733657178
-2.106913129300218 -0.6353436536115195
-0.2801254689729959 -1.7017983830050794
1.1930048759353582 -0.1679846413272975
1.2562121522714933 -1.3834322282346936
0.725531373620501 0.41407312916515115
-1.3966249848236867 -0.8840258756106574
-2.543039504916824 0.20771106023203284
0.41595330739636144 0.7551816367139149
-0.9104042673603433 0.39163538461804354
-0.2278616199422695 0.19299635480882565
0.26686306496042705 -0.0027924916064661063
-0.2417834013388166 -0.7357471647988716
-0.5464646847904824 0.26499668302649365
-0.8248826025776876 1.0493595597157683
0.4468375499230613 0.49379131726074355
1.4694734879733866 -1.6177545702396365
-1.7803508746652796 -1.3631935413018712
0.15965551944842807 -0.5435705936965818
-1.7685248762502201 -0.22195132350573443
1.5895706329390964 -0.7081869365922753
-0.6832052842317288 0.39589357905065936
0.3870227998756369 1.849291339678899
-0.6230480483747048 0.3779318462222677
-1.7686997675832121 0.7258008987926676
0.9338820893193751 2.6110683505326064
-0.6375499289308373 -0.5296619976394249
-0.7736887573222568 0.07614672998021299
0.44634116503143895 -1.666928773352404
1.8646881821778696 0.0576706449927729
0.48202558019491654 -0.5309817399658853
-0.5336580363224473 1.3817726793077763
1.8498609551192 0.6892838202230006
-1.4947445720689867 0.37469960680734726
-1.08967680330714 -0.1872155360070773
-0.12055099043626341 -1.7840545848238063
0.25372493636676474 -1.009584486885601
0.06654360088264182 -1.112238209371628
1.930417087530828 1.5401726494894845
-0.669449026013773 -1.6744740423500373
1.0557662087934943 1.526761740541432
1.0405807426235458 0.59942522197844
1.3634103433258924 -0.5335714500885324
-0.5470988071942277 -0.008255721028429476
0.2926206288632202 -1.3165015353251286
0.15110927171255287 -0.4476873695858576
0.12037326423578584 -0.8398958086719484
-0.019585136544386345 -0.9768910140032705
0.28425954699561806 1.1595129624321585
-0.08958489694708827 -0.39415693505654686
-0.8382183777426155 -0.049538999001495033
1.459992570333192 1.395664872627962
0.5904118416359583 -0.8985359316609982
-0.23442899436840625 -0.6474544158956145
-2.123382855273823 1.080846983172735
0.8439761588856557 -0.4320797922963566
-0.338572761871492 -0.004948713917294916
1.8657142253631704 -0.32816797093581757
-0.867486958547161 1.250019669539766
0.43232792694484073 1.1706483112601818
-0.6579538940773899 -0.011594961406552567
-1.0863099387275739 2.041302649922545
-0.7005906741996886 0.16952682655956341
1.1276005942033198 -0.17471045286520476
0.18645060724781135 0.6386526657441137
-2.31131873077635 0.059926065564574166
0.3200955471833502 -0.5712034887065182
0.8391600727044578 1.6658957327609933
0.894574889254146 0.4539305395320035
0.36294352263069823 -0.2100699935139295
-0.08691365747313651 0.08608957460718142
-0.1693628269704847 0.45150297841705306
0.6696922623799196 1.8086842365877407
0.19105195696084046 -1.5708819003383734
-2.3715533626661487 -1.0563552468683555
-0.3204065623445264 -0.4206895418706035
0.5143803717889243 1.183100623561002
-0.7879753332121557 0.8005420514859722
-0.43985955763068885 0.09742099057851814
-1.8208917286561863 -0.6121999000515917
-1.1906344818269317 0.9307034268590231
-0.6027506882632061 -1.3890994078197905
0.9131346369073461 0.4232438883957152
0.9646740981333546 -1.7654614437037228
0.08574430441200678 -1.5847892438547322
0.5187177144149686 1.4742876411364518
-0.5913233457700896 1.0182009966718306
0.802889021960958 0.2095202235419645
-0.11994979300992309 -0.05847522819734207
0.10015206298287369 0.6304755769939981
-2.3470299499082583 1.1426305484619308
0.663672697773199 -0.24301574854922683
-0.11013012424543357 -0.9253145749264291
0.460367789914424 -0.07111398993002885
0.7911619127466175 -1.1757772346935644
0.7095519941141083 0.3514638434988708
0.5847864732814971 1.3600911579437944
-1.1790131961462196 -0.7270464938866569
-0.7628313135551869 1.4839393864816495
-0.5950586867576348 -0.6420931322842975
-0.4665523675293224 -0.7796372784072222
0.24206712439717634 1.032486618184911
-0.5761469220091007 -0.26489343394778786
1.1762210469376182 -1.2294429523388108
1.308642289939056 0.937420976158346
0.31409181615871196 -0.053270954456289515
0.9675596081345142 0.8341702849883027
-0.8328379843031134 0.0200750786720428
1.0434388023953192 1.6400337196158332
-1.1260887808588413 -0.2910584775156841
0.5658623509197175 0.48911797962984177
0.9796476975271432 -1.620718628122978
1.1649920017250381 -0.3192575507247807
-0.11635444622655719 0.4228459127190964
0.6052427906479126 -1.830493029734661
-0.9407205340268618 0.3760005877675599
1.6881380607665857 -1.4999934852815924
-0.37350389791312566 1.6406787407215566
-1.4670456451424012 -1.580160004518377
-1.7438672899750436 -0.3803385680993789
-1.5999380472459899 1.5836396065997427
1.4201990222307506 -0.04216572638426792
-0.3286281768827144 -1.9459781183165665
0.2717610185537375 0.6348486889709101
0.08130155107130262 1.8060296499535249
0.11783045571760734 0.39532481003760583
-0.27488911367799224 -0.6048538419403126
0.9851423994452988 -0.5628905668006878
0.7013666157434528 0.25140481357550026
-0.05958028824377953 -0.09905023705996317
-0.1632925130742189 0.10258793849049226
0.086581221723084 -1.9586280829657041
-0.35593987157909934 0.6060969702219734
0.22268671302261114 0.40389262415379157
-0.41787508622489694 -0.9503290738887653
0.26609499628308037 -2.1083930833906073
0.4197344438507785 -1.6116562349782868
-0.14057675632724914 1.5856478201468838
0.33047597193729494 -0.03498455569003751
-0.47915462375210094 1.0197695969926628
-0.46918414918163226 0.6839805185195225
-1.208475602722002 -0.428114855364151
1.269835872064178 0.03441165149707711
-0.39884196828874546 -1.1547168677980455
-0.8840509127701406 -0.0185786289054026
1.5543349710378016 -0.5597458643021243
0.22865748547537448 -0.652732578762172
0.38692585863008977 -1.1846408223424418
-0.09834204497975221 1.8796443709673278
0.9947463274715046 -0.4226472133283586
-1.198087968609738 0.6254878142486637
-0.6936865825510427 1.5328240085884326
1.6349273548271144 -1.4919928282852677
1.9150243669367946 -0.5986472432488821
1.4321173513663514 -0.40648047494948497
0.4566295988289137 -0.49118571536338723
0.4597728245989882 -1.67983533325463
-1.600439225443222 0.10430229235997046
0.05368150240338591 0.5477535932752627
0.1642578906213361 -1.6208904447547137
0.4261194005092265 0.21442985584706611
0.44512137181937766 1.256979689105653
0.28794561294832843 1.3767223096617873
0.29572563126482254 -0.6540364078650951
-0.3376143913481056 -0.053832056653114
-1.0037311794494153 1.7185307575352833
-1.841528653252419 1.7206088327559972
-0.7789045731598825 -0.42165779285718646
-1.2886563066199843 0.4938560855555224
-0.0867012068241236 -0.2962007824984269
1.470664617019556 0.8259772302444772
-1.230732870375516 -0.0758587117193102
0.9759810039444077 -0.15064643519742035
2.220184130044196 1.7503975693368024
0.010790677334866362 -0.38239445780510234
0.9252499386406531 -0.3687405433071502
-1.3083272578815384 -1.53667013101022
-0.008553245188361435 -0.8880824753068737
-0.7201808079096441 1.2190974689980216
0.975905015879419 0.5503628951941849
1.9998744728906177 -0.5966683985980367
-0.009445099297422788 -0.16283890266478254
1.1384165018212966 -0.34588053672562324
0.00517079951727046 -0.7180809343611811
0.20416684596670254 1.445349310194435
-0.8316901055202501 -0.3849107514647561
-0.12458561258628488 -0.7651372959044159
-0.045584158980102575 -0.4269506456045622
2.065698248800739 1.2882245946088948
-0.4286408630409045 0.11888278968542487
-0.036880542622706326 0.7761012443168958
-1.691644281915394 0.2742371035457053
0.00026202903299358854 0.7880760170218437
-0.7153797593600295 -0.9858819016800012
-0.2691576664509633 0.6994174978057596
0.2527393728536534 1.547837145480989
0.9025976191270779 -2.2759483892197596
-0.49033651703000664 -0.04573070898743266
0.11239782327573124 -0.13461740957377208
0.7253629914220596 -0.697615256798694
0.8792240672023817 0.5412296427449159
1.5562625261436172 0.3736858720730778
-0.7367489844509222 -1.8301667831989188
1.6577470671786974 -0.9042025979915659
0.30390542951878063 0.7974144573908775
-0.3969753708984557 -1.4892328649426252
0.926083767284449 -0.9198818617905108
-1.9149363311331535 0.3325252997312157
-2.416151251573013 0.3246475898064731
-0.15737926453757153 -0.720401194583419
-1.2899209355216614 0.364022628344296
-0.1480862356114836 0.7706786242452021
-2.107782226432615 1.146874714755366
-0.0009495411829531038 1.5499725751584381
1.540558811156585 0.3515838468612931
0.22167050312941836 -1.8541611067378931
-1.0227083620750985 -0.6361842880682321
-0.27789962392329537 -1.0501813481747333
-1.5978135682313235 0.41704779824081006
0.06833400336194523 -0.13100740663646768
0.8690437048799073 -0.749820855412586
0.4213973693438746 1.210326703884727
0.1698515040102655 0.7804384422718403
-1.4655623279725123 0.6212491042626936
1.068308269745267 0.10512510299137744
-0.28353255785549836 -0.6806028031386935
-0.05394098761529283 -0.8337995319642868
-0.9509081123432205 -0.5075957568883958
0.46254399432198506 0.6623410643347285
0.17271661610578373 -1.2549078462313907
-0.9093086674064754 1.2307711957105758
1.1534498905337693 0.3970421892872103
-0.4234779661394619 -1.690815378276892
0.4422788325131134 0.7466078445111693
-1.2404815405234872 0.1421394616504791
-0.20623085018638085 0.8665960474751768
0.5938817729786294 -0.16655775087366828
-1.486481514724494 -1.297648212844849
0.8126186265588212 1.1240589305457573
-0.25525229248904857 -0.12572112775076488
-0.5104792804900535 0.05940754048761667
-0.8873473813085349 -0.6926964756211117
1.3609756669273654 -1.1325656924713194
1.752231605661956 -0.5889337045987711
0.35089840971630426 0.5326439726142436
-0.020984617314029955 2.26857136807704
-0.6955061673906691 -0.6411983495312708
0.46179223814273657 0.003227074852920192
-0.9731047694157052 -0.4800241242382179
0.20207275098558522 -0.7366954855622632
1.8640041762648232 1.204490140191398
1.3757494123295542 -0.4284330468753784
-0.11480683419331557 -1.3978542155849607
-0.07074817016187175 -0.31017563156582356
0.9625969536395488 0.5901041110087519
-1.201792740596045 -1.2357316213708038
-0.9875955736102903 0.3707422266565663
-0.38947276005359877 1.216581968348084
-0.4416933291763917 -0.790611746551821
0.7799607996571586 -0.5064324371078034
1.0006289691297967 1.0269474284940459
-1.9421953276867654 0.6560364921429591
-0.19357412761632037 -0.8182347201480495
-0.8647977117854186 0.5648659463044565
1.2515174205820832 -1.7748042069280052
0.143840145419255 1.2111526331385847
-1.3088370419864848 -0.018517472259569703
0.18922256941992965 -1.2067972830825742
-1.8795914568966834 0.10278409045080417
-1.1551425654330782 -1.7515448608054698
0.10527532776424954 -1.228442231089263
1.6428270352554808 0.6327043186510153
0.4585860321384502 0.0014267149987252966
-0.16247777348084608 0.4070853612423622
0.4459143394396435 0.424213062892513
-0.2999135143640188 -0.033679335910798906
0.2017774021496006 -0.9014023258794184
1.278222035213439 -0.6767046153800663
-0.7943205305266785 0.8639601670993198
-0.002922774484987027 -0.29066563371779564
-0.03874393912164911 -0.6538131736388018
0.8050610888408581 2.016643681285514
0.08239655273548951 -0.540298056733794
0.4593128614685645 0.6006533144424876
-1.0983796923715088 0.6039056655168081
-0.40777174763930785 1.2514955946829789
1.2030423771009524 1.301006161576416
-1.7112749373907312 -0.9244683932107914
1.428612499961518 -1.7332069136360553
0.24749287898817002 -0.6195449753651942
-0.854116467289936 0.6089224546351327
-0.43938600223728014 0.21256912582539775
-0.502764932960683 1.4162389826737174
-0.01562608195510827 0.4099598003755793
-0.5763820291300347 -1.6724102834027927
0.8005472983854499 -1.2648055825117877
1.154273584369106 0.44274617947427003
-0.7660255559202769 0.6093794558161698
0.6411276937571414 1.1170537153538405
-0.8071163476504322 -0.23385548381283983
1.897172473684623 -1.9420277350262434
1.3174472172399898 -0.4137277370668279
-0.44004121155694076 0.054833172697353334
0.19126116465732415 -0.7576729493578214
-0.9339472904039889 -1.4402632472582972
-0.7539037354037821 1.1432221571063608
-0.3870159749438926 -0.8064019974015958
-2.314980193990353 1.691723939136231
0.5237638641328282 -0.08400614197613913
1.4876039466007944 0.4339035277742326
0.31172834120150117 1.1259108261782569
-0.7422030257716031 0.693386444173246
-0.3245652827828921 2.0167672239076433
-0.9053637349968872 -1.3667057703940424
0.5989080771072758 0.2650803478956281
-1.248563065201277 2.008400300307929
-0.6587654134373973 -0.29555133848062454
0.49748237839667714 1.2317432257591687
-0.6474600542937451 0.25925181299044836
0.655295370943457 1.1213526844767936
-0.003280072833950924 0.02731924230978699
0.20385677674273567 0.060879932863740965
-0.21729240923971696 2.6714435024721563
-1.124568591807409 0.8336561534214119
-0.22031878775255467 -0.5488500583812738
-0.48906567766868536 -0.8666300768576535
-0.6550719888457174 1.2223239006521773
-0.9989630539673968 0.6873405009304472
0.246195390050116 2.607138841539484
0.1208048751254803 -0.7686984734814712
-0.2634838051592758 0.5973300126434992
-0.2442332939203841 1.5001827535291314
0.32070252818575046 0.6225715891368195
-0.07477408908517019 0.3639635221284436
-1.5989530467541064 1.2719238585889308
-1.6503765957444625 0.7104150532297399
0.4099378795388077 0.0522174013635969
-1.1640305764962922 -1.2818769918732387
-0.2738028257869836 2.6928356714804202
1.2499728853520384 0.48262024484854227
0.5861893491280411 0.1482592618378748
0.17419924165615341 -0.9036207366336723
-1.4275814471460866 0.8634999642995613
0.966214989275097 0.5914494476007464
0.2746609325315974 1.5889818693995101
0.041469660430368156 0.02391075727498245
0.013018699880018428 -1.1290761428544647
0.7056977231720909 0.107916119342813
0.29829156053277617 0.1522965817337962
0.6629647167518088 1.0142551121994683
1.706058635872074 -0.13124109058929753
0.8152761412966985 -0.41757134649691424
-0.22689160703217578 1.6748846575826466
0.210450606146968 -0.47128635773017036
-0.7036969743194633 -0.8326185276795033
-0.5788967804661128 -0.7130640406235346
-1.3330099004818803 -1.272501412655804
-0.17785211496075776 0.05817682548026032
0.9201370990983926 0.9243300501020003
1.7729210961713553 0.42178865188829007
0.8887567092975251 0.47593137877734654
-0.4658530109780226 -0.3770844006835287
-0.39550596889430445 0.4297681587336616
0.06659108926991986 0.42544554143952407
-1.900885638145902 1.2467525583911783
-0.3940193834755089 1.6748552618899235
0.8751413566262461 -0.4567717906778681
-1.7999385207884664 -0.16173296089392464
-0.7462812981332931 1.1886002225685766
-0.031654849071560846 -1.1720309517041925
-0.3554452203566778 -0.5093959887693007
0.5661468042405196 -0.6943120684246568
0.9033547645364844 1.5979324120098715
-1.0547208428633488 -0.7416895203235272
-0.5649161447924619 -0.4662906002798516
-2.1164246792970878 -0.31330307053719364
-0.5876792545311185 -0.4099441683006272
0.35700361808903397 0.7776269175738646
-0.6935994102320863 -0.5467112511895131
0.9223687752846912 -0.5885453396720715
0.20225511919022504 -0.599803796708243
0.14535244177167359 -2.0307265564879113
-0.7087826622825101 1.1395298356059924
0.9038021506375274 -2.5199241997696955
0.5386773654435311 0.2342085686021367
-0.4378274831148907 0.11989210450743024
-0.22867898031496606 0.3070720723726977
-1.2863001582053004 0.1398049895655224
0.24810194093721752 1.9138681199831908
-1.4199876569356396 0.43674863155390725
-0.3110344991667757 -0.323499104705506
-0.32758909814192133 0.5335870928397429
-0.7830577434207688 -0.26004736754782015
1.1131425838072162 -1.4290372771070003
0.3202510494249311 0.7109469224402919
-1.6374749581345807 -0.7589938209717594
1.313458205807326 -0.37399553342894387
-1.1990606974444655 -1.6583913707180187
0.7658048238957046 0.476735395682443
1.0428940696979916 1.4829150021495965
0.4899715215323772 -0.4014261302319143
1.0028495055905786 -1.2304920973282902
0.9186153387226227 -1.4069784380615646
0.7173873288196151 -1.2539517782128224
-0.43664229596418047 -0.018934252129529813
0.41703053135438073 0.25006742218816225
0.48151853882069817 0.6463229568970804
0.2742257435630518 0.35056725187197346
-0.5932297364106148 0.25072799353851777
-0.7967994331807076 -0.33329221460296493
1.2863289901754382 -0.5886909242240178
0.7781646506842764 0.7012043652889367
0.49012396185467133 0.041103432844049666
1.749668776841224 -1.1521291905856987
-2.9485543036795168 -1.2211600875895912
1.3183098795185642 0.3158607208295966
1.3241076583737368 -1.064065761899179
0.2840589865739377 1.5226469307297417
1.5201086241742923 1.5630975638720164
1.0188664050344374 0.3038227665307894
1.0326882531709147 -0.4158369898901448
-2.0328560191377787 -0.27267970604411323
-0.4188525141977253 -0.13282074625692705
1.1744437746256013 -0.700238603222569
0.23562327616259174 0.3629084226810116
-0.5328009410905526 2.3455288182753926
-0.3466451623302812 -1.061792529572481
-1.217960759684131 0.19536475750769652
0.33746523928274064 -2.220270063690169
0.20742736571783527 1.297847170245209
0.61667440475033 0.9579016945980977
-0.4500670499291336 0.9615689102019678
-0.0011980344606533088 -0.27023115300478023
-0.7096578095148336 1.5338183355188824
1.1235964393437372 -0.41383269429290515
0.16464480295502507 -0.509500806660772
0.02990267671494096 -0.7690939298979961
-1.6038824534500578 0.7376844749789714
-0.019503750599519275 -0.1509026260851534
1.6882615220643664 0.9468456450811366
0.02655869775372484 -1.6591958179774644
0.33828688657996625 -0.7724608429332195
0.5171997521502387 1.2364622659265772
-0.3346313621026097 -0.4845203152169788
0.7274050417098055 0.2696068772021252
-0.5165393059658268 0.7236831340482704
-0.42298244990090134 2.222437991340069
-1.4733514993407466 0.5857835046485138
0.7394486536010338 -1.6039948880393007
-0.0959684621735523 -0.3724950239792577
0.430971684110161 -1.691967242505459
-1.4202462433221958 0.636629746087082
-0.3612540631731772 2.010585483107143
1.4026907664285497 -0.6378183437104414
0.26163130384429595 -0.5840306363427602
-0.04958370421117683 0.9331870274178247
-0.36268943951559945 0.985613405643855
-0.025776721395454356 0.8902172416455203
2.122045044262288 -0.7493992665414401
1.485668156267281 -0.024546878163260625
1.325558617105091 -0.19902320160488826
2.0918087721138985 -0.23938112295237227
2.242416545780261 1.0748698769160552
-0.7827266424367433 -0.38290228903740214
-0.3810846157133318 -0.10995129288038327
-1.4183983653620997 -1.3204905616743952
0.38214682820204965 -0.7511366947754375
0.8269988529160464 -1.2444564865984746
-0.054276388628226105 0.8288197343617111
-1.2959014147164436 1.2685036700279462
-0.3528589629591639 -1.3517397907671342
2.5685258282730876 0.3428250357423392
-1.4910915842324002 -0.9134409408647306
-0.6447289180123151 0.7435029326169269
0.5366974935240942 -0.6697068859947392
-1.0843214439834774 -0.6722424744763845
0.3773053211456173 -0.41667471794272104
0.7623225318390753 -0.5362092094374632
-0.19986560493042496 -0.39782966423847055
0.19931957368494704 1.728238067717581
-0.12043507186102738 0.7652525226120634
0.12455344620097598 -1.0365644810065868
0.24145787584204476 -0.38601587440145035
-0.3793642986968437 -0.4058734150157432
-0.6411839633539221 1.2348377682119365
-0.03545759882970962 -0.3730124561497713
0.8334423908459512 -0.828545103154035
0.09592275353284341 -0.49861084849616444
-0.11939078402932139 0.46892233271105654
-0.3486767612368678 -0.25046230251980117
0.9987745485169645 -0.8997461858707043
-1.3269267611567086 -0.1666818556806926
0.04660344157430104 0.7663728812633912
-0.28376205437822377 1.9219118948654874
-0.18906959460692382 -0.14324697732818084
0.1686928867881272 -1.7638638326155842
-1.9329672979650385 -0.8796514479213515
1.5420489726988424 2.146265460616702
0.49327230203676564 0.3803472042864809
1.8757589863223119 0.09734599769446427
-0.6033050391470034 -3.088399401841758
0.26732324148941494 -0.05281425972466244
-0.3963512147104783 1.3387061499759259
1.3578808128287458 0.6519959294980892
1.6327123483171562 -1.3898853474323847
1.093519839661183 0.8035939994491461
-0.004279219068564588 2.244794581244062
-1.1304533993408805 0.45970442741484
0.17845875710732848 2.850220346284825
-1.1204153106631989 2.3312082049438243
-1.4488458318468143 -0.19077128014255895
-0.3753225800647636 0.5167492194026295
-1.089064244823929 0.38305251657110045
0.5686213753048491 -1.5084175126382595
-0.3568602986659169 -0.1363121630894442
-0.6080673656993941 -1.8017228999948525
1.0947402390378995 1.5957883950375285
-1.2281001524480475 -2.3246404123755906
1.284805526942388 -0.7693290705507406
-0.4142801554797872 -2.6354269846119998
0.11780851414858763 1.714167942892896
0.04445292865680004 0.49517627424100963
-0.7278829559779986 0.4653269332024909
0.8106206931083579 0.867184029185314
-0.16445376137997286 -1.0712200319390346
0.17509822136466646 0.2694562449730822
-0.7664427782106498 0.33412546118256653
1.1927255488763635 -0.9472520138656834
0.5741094478321372 0.8547240752643014
-2.3914121340906296 0.6106798469857793
-1.4507580605771844 -0.31287540396016134
1.87666284954075 -1.1074211681408312
-0.9954063369144722 1.9068685654329998
0.8712787303130082 0.42477951688496596
-0.4754188783736711 -1.1346208871818941
0.9487220362579853 0.6856355941239289
-1.3203263438506505 1.101071368524135
0.5588241078363405 -0.09095916494081596
-0.3047141014662773 -0.8888565040299576
-1.4630560222645894 0.8993032908134693
1.296589492614419 -0.71158240686364
0.12551846386573 0.6621491574852412
-0.9592377648306436 -1.3759355777766378
0.05917325249099903 0.436505022487179
1.1345203957227374 -0.6944419230523823
-0.8189712415085608 -0.2798753920746833
-0.29316028980800096 0.4947125981741796
0.7044610007087031 -0.04670416648894316
-0.8970581975907436 -0.40643706929516493
-2.8970962239307636 -1.79327679476925
-0.020860846622247204 -0.2137504044817005
-0.8752322221025225 -0.0027507248327708917
0.6819473454756252 0.5406180944400749
-0.37628482668535906 0.32529275213819925
0.7251423832629464 -0.3830206091787109
1.3494892740455524 0.5421195170471222
0.07871265989992339 0.47601021274512395
0.12007568389021167 0.34042975775801865
1.0096798872491561 -1.1236850525515478
-0.6128580777158057 1.2329188495936356
1.3590167858014315 0.9880620619443431
0.5212541133477581 -0.7649027016921146
1.8964395359284154 -0.9922825427630956
-0.23884043295832288 2.0885084936063514
-2.291334255626816 0.7849729480824454
-0.8205589200818875 0.6267212162577153
-1.4264827043121675 -0.439122068930844
1.5805521791722092 1.248905990624024
-1.9300437996364481 -0.5076712197381626
-2.1074870251667073 0.6948861232234329
0.4409854030102174 -0.2407098870052083
-0.7778562790284785 -0.6147451275369421
-1.4647201394978555 0.2214618743322106
-0.9243683291887032 -0.9440561203154092
-0.5930855153267551 -0.7579889197031019
0.6027882977635558 -1.1480591002275686
0.360769260822482 0.09412824179044575
-0.3756941518787118 -0.7635238884044545
-2.081350034281413 -1.2650745065936462
1.5975434234409336 0.17325962224902877
-0.0515044548953659 0.439030934246353
-0.3499320041741044 -0.2162294316104474
0.8159967383173745 -0.10278874642558747
0.7519261113995748 -0.02705295877949367
-0.15513805496175248 -0.8212146835505416
-0.09779747671295992 0.022281384093377026
-1.1565718824495532 1.0256369037788093
-1.0551621232745203 -0.42029033423135537
1.4431476630597118 -0.6370576988530111
0.5505324874931593 0.04074256882454888
-0.2173502697864622 -1.6300081354837497
0.6740137976445794 0.2956462884590372
-0.46089469299181934 -0.6262136280659049
1.2876549383259743 -0.5235393974096091
0.6822072293412863 -0.9169782587850092
0.427186805437546 1.9466920791594458
0.1460112113482328 -1.8329960050425296
0.5092702336405709 -0.3908327201047789
0.5471017000288927 1.2308293448791587
0.10114047421007963 0.1978721402604756
1.2408457110600108 1.2085443595884695
0.518322757908523 0.10337694970871122
-0.5450385594293864 0.2400175941179326
-0.23463745537611924 -0.4429973475742122
-0.4856839234296489 -0.1394245946167072
0.8720679890520124 1.2385941246510799
0.07576492982337645 0.3948107951722448
0.7514807586705693 -1.1628629293478243
0.5757609374463952 0.5396897077923908
0.7421756396191204 -1.1030904731473448
-0.06826188940302698 0.15019414322241084
0.18996150184963803 0.62284941239166
-0.04333577565829754 -0.3089615173883669
0.43507387760012645 -0.5383272744293519
1.0462115565521815 -0.49524606559536827
0.4233095024433296 -1.1402668753316458
0.22956345536609354 -0.2758776836837718
-0.09786410443701048 -1.1771407184136997
-0.8428552433235501 0.4931648090052957
0.00029598161953554104 1.9038105023081477
-0.14187946491646683 0.828321776419322
-1.2691550615494915 1.160164553817732
0.24104620255694234 -0.21674065747042875
-0.522330796863797 0.829835041378551
1.3301812398367066 -1.8190387477040806
0.9093908166853439 1.6919876334830224
-0.30721712506470455 0.5602731682220208
-0.9988799439964798 -1.5670299683702376
-1.0582196569007205 0.06474614695189226
-0.536196657931277 0.3200117622819239
-0.8019059800081346 -1.0499068897708994
-0.35011815257472845 0.9861317730353663
-0.016022869603629305 -0.22633854784892155
-1.402838428142939 0.45100840319628255
0.11573848439944152 1.2370123958123795
-0.36129610209533836 -0.8687863878358114
1.0548191081593408 -0.6283356238119955
-1.0101571534918203 -1.58109500150233
-0.36480057413802236 -0.5024090216201234
-1.13329615058533 -1.9979074427818713
-1.3263196390363665 0.842500493053424
-0.6581786068428114 0.4724416752583622
0.13604781250433215 1.3171231400585106
1.6616261513545965 -0.6177094798761219
-0.24261920835873915 1.0288328183881714
1.5921136368578968 1.243972066838295
-1.193108061353801 1.1688809543334737
-0.9294994872752992 -2.147324655633834
-0.1904882758782277 -0.9216869727760523
-0.6194914357866954 1.0555516082440475
-1.0867415646024297 0.7647057044511036
0.8494797930303514 1.074919870859475
0.15264904096209694 -1.5597134996597646
-0.001170720242943409 1.2566989932881871
-2.128033154472999 0.1440039694336257
-0.5586730994995277 -0.23242293953986004
-0.34608015323473246 0.4008666896315298
0.9761181548903366 -1.7579995550176863
1.0434264361803287 0.9336186745899049
1.2000777352829597 0.30444562445777157
0.20262466101969645 0.20864756883133875
0.3868288955811896 -1.8690229124365492
0.6030677002826097 0.29391466771342645
0.20361165962318667 0.19884264721880912
0.3874200799195504 -0.6167632926333351
0.13884104296475644 0.702128816344577
0.6921027806616322 -1.1896312564512175
0.16560392909421667 0.8144788531380038
-0.7464361852912024 -0.8986241399559817
-0.9724190680762673 -1.2752393758692415
-0.2188797888534585 0.31674027416139466
-0.10563762316436354 0.41865873091216127
-1.4749975282224337 -0.491953035461494
-0.0562030356777837 -0.6161325452737626
0.2911909966734265 -0.09324179207992653
0.9560263165560664 -0.581919013939585
-1.5094305269287875 -1.2900694292976111
-1.55193138167239 -0.7019726119479859
-0.7076032488822395 -1.4729766068404482
-0.8225639297661764 -0.23463937488302836
-1.7282222991098868 1.1696239369511354
1.7289782813439856 1.8051951767352867
1.592885498283243 -0.7144781908617073
0.18532770187153444 -0.5633073611702591
0.7055927105866967 -0.500128394481551
-1.7337901116064638 1.0498638857584115
0.1373087521779672 0.5584845104978827
-0.33819433208151883 0.44643761175533747
-0.6861721156148901 0.6452230586370836
-1.5289689939289883 0.018228739953181694
1.5740516076809627 0.8181906577002539
-1.4932560531007357 -0.34699889891396973
-0.10138905363039548 -0.28528531941192187
-1.8523862697315747 1.1563405584921387
2.35636959995397 -0.2908552311939538
1.8763301943852722 1.1800622461129748
-0.6721573359759097 0.3621770101211003
0.18071398619307194 -0.11039752925487933
-0.016714407232734076 -0.8048118988706269
0.8939219952308891 -0.11325113574144745
-0.24942285123526078 -0.13365720220909605
-1.3102387791904522 -0.755380776377952
0.3830833950454473 0.7390929397475746
0.19948868361785765 0.34160383037256814
1.0783517310214141 -1.0602450661143321
2.146668281274893 0.11502269763269116
0.26209171336240084 -0.03336629122541114
-0.37594479244106077 -0.0786719476409442
2.167069060423556 -0.4784413194960601
-0.6315950212310615 0.5164616744922367
0.947586901540362 -1.1104583773340015
-0.9723393084955464 0.7659511868206066
-1.1054892208932166 -0.8257180775927871
0.665816968832284 2.2694002943126503
-0.6671071206466179 0.19610311131083208
0.35735816469168175 0.7048132602945355
-2.337236759834784 1.7796061970779309
1.4266575943206452 2.5273889974718493
0.22645210860202422 -0.25370186613131324
-1.745746407620424 -0.7729968318614425
0.8812251955894808 -1.4087241746775194
1.1441079039615831 -1.7483335130029427
2.2563603104307424 1.2323090810333397
0.7111213959323118 1.455779834384759
0.22649784538595236 -1.0741987025466524
1.5478797410395537 0.8160719804192808
-0.5611754764918753 0.993876522333128
-0.14225985514420053 0.20160907965099203
0.546972917252858 0.45985242155168293
1.146883404751 0.048787433256837216
0.4669578867114889 -2.1355153880689466
1.5246017097447373 1.0700882833633236
0.6179825471640592 0.7129312262141856
-1.5264250648173503 -1.0856653132724843
-1.2764672443065703 -0.17659194783323692
0.2299953864512555 0.9116498430024279
0.9223061385982617 0.036937162570073824
0.054614096868553834 -1.0033627348579106
2.541407907431959 1.615489004772217
-0.9424652998387502 -0.2647168266805699
-0.40224407405619367 0.3669232265953575
0.6339013083917814 -1.0173465210466786
-0.22834884149332252 -1.5200253393097491
-0.04316267541747249 -1.0716664584667388
-1.0338477207615675 0.19136377476488783
-0.4856255553221644 1.364555624266194
2.1790690597797666 0.08446431067390076
-0.2844808158025028 -1.3416083184546377
1.996863550955978 -0.5300124236375748
0.13231961745802812 -0.5722108400277462
-0.1258386511572933 0.6734558397464504
0.7624873381446425 1.1751102146403583
0.24685395496421228 -1.2000901623223816
-0.7942772601071126 -1.5986359067785874
0.12398711425040274 0.1909236615498575
2.060795695429391 0.9862632836402568
-0.651075874525613 0.9314415084138439
-0.10932682045278666 0.4393693043976477
-0.1955117046848578 0.6302504005241819
1.4639725019442213 -1.10390909103026
1.2283460388414116 0.5759659806687952
-0.8585105497932779 0.04226903281463374
0.21935060418835517 1.0141723865498664
0.730952115228593 -1.9792573769222048
-2.3811481916853467 1.290583936718355
-1.530999412300266 -1.2625419582707555
1.1728664001358278 -0.4979019310060239
-0.8795526724654072 2.0968439413875144
-1.7701000667423077 -2.1150436979800467
0.6414645458151368 0.9054971654714048
0.8844516197694078 1.513864119661281
1.3270455749864514 -0.09646185211767765
0.0587621148332446 1.226148213509493
-0.32406246506918424 -0.32383256599151805
-0.14865524280392992 1.6762457009043779
-1.621644521738813 -1.885170879198155
1.0078493618280533 0.46430947665867484
0.40813310305835604 -2.075131618482964
0.47866242617419147 -0.8548797310119562
-1.0486594929285262 0.7147781266292736
-0.5896475870725196 -0.859380753093602
0.2911271576239659 0.2101384320380364
-0.008005894629661649 -0.7007330856322171
-0.44060646070792486 0.8542983868802093
0.023307378836151145 0.22417317181457866
-2.678159743400903 -1.0103829347830096
-1.0557759330196241 -1.4083690387842625
-0.04125847779443401 -0.6994401877251161
-0.7536008729046266 -3.050521612816151
-0.4416346703218292 -0.08167388028744983
0.14829279895116643 0.31486363613589513
0.2662081412840247 -1.12473807352102
-0.44660177966205333 1.693792088588528
-1.3907663565774542 -0.11968770830635113
-1.3018186420212219 0.43305659544611896
0.5842553693044956 -0.9092635359238854
1.11555219715512 0.6859850471259419
0.647835956805653 0.08615657045187308
0.5526395339923651 -0.8337574300725477
-0.33018401416504095 -0.32133094362222997
0.665776749632219 0.5540032899407316
0.011198263576632977 -0.5971076695399243
-0.2373841015244742 -0.8402195460120505
1.0032840819440911 -1.3721476915175042
-2.2854397204351415 1.2009426790694386
-0.915819364279865 -0.31373821796628765
0.18279688838278046 0.1693309131106778
1.843348750477592 -0.13133997430906452
0.5965049809042393 -0.4676166471537228
-1.7113642015336747 1.2889251725980466
-0.30350877942468213 -0.5473410617060949
0.27084625762846276 0.8119406564204179
1.1052843481817018 0.35620194610894396
0.5028315319454061 -0.8311857737208915
-0.8932524603828084 0.9690732323145848
-2.8207689479975038 -0.1225538347094114
-1.3771467568862414 1.82997121324552
0.17591020340972174 -0.41411903640656833
0.599344632632302 0.03138641789945243
1.1358845379066662 0.09060769957610795
0.9506771265058979 1.1655446973584285
1.806635626598173 -0.8426472044360542
-0.15698539372555903 -0.304142048054396
0.29905284093400664 1.009674443621876
0.9957766534564869 0.9262118520055397
0.08289037107286382 0.213610659946414
-0.5270445807485888 0.29341882510876416
-1.51187309582035 1.192711658504839
-0.4137110060437645 1.5399686065195484
0.32877984099782126 2.51445555625802
0.5768850369639498 -1.136156340673121
0.9791628648007472 -0.552030261555047
-0.2956582250259127 0.8222402571751346
0.9580636048512279 -1.6862189342510916
-0.7277835083551091 0.977860351364393
1.472115232577141 0.001194415449796771
-1.8317166749466722 0.03656228955610189
-0.7306601669227922 -1.59178781126107
-0.8165251618425862 -1.5273782336917034
-0.9190978674158126 -1.3536235591413015
-0.149642160109429 0.7850796670627891
-2.108185872146348 1.2682931055632805
0.27011453091761417 1.0023818634297597
-0.9897547181041046 -0.6794713077032717
0.23345787868063264 -0.38633587744415826
1.2678959443582178 0.4542053416764083
2.0335533788124254 -0.3750746758956703
0.2535950300385758 -0.039634383687836984
0.049883172012020804 0.04527922225472918
-1.6684005804185322 0.5514864452052114
0.020879642097462053 1.0178270682889494
1.6010766842009077 0.15763225094326547
2.4035938014480633 -0.015138358963867848
0.9220784234164253 -0.6174884607486708
-0.4196479764857456 -0.39893335236954314
0.5626397457573553 -0.2886647340978485
0.0327300403984537 0.7823400764729976
-1.1383930045163282 -1.4582522617433507
-0.39043495232243247 1.0174042812205328
-0.6403807246482519 1.3488446349788534
-1.4454199098544533 0.6503963848986558
-0.8311193320986489 -0.8769109483863092
-0.7969480610696067 -0.6822466075852787
0.026607362538649447 0.5980590805447165
-1.290526407949208 0.12068236426021753
-0.38497867341676706 -2.2181031861505773
0.8308310522950607 0.763691509072018
-0.673237757586029 0.8896817647319479
-2.693184019926533 0.3430112343211203
-0.03676476640271273 2.627138032464408
-0.2085187154197354 -0.5977257647725962
1.1133067253993953 -0.7155338052897349
-1.188566760641495 -1.4671505987474205
0.5764217984354857 -2.089096306399891
0.23668428542337225 0.043187032413650586
0.6295844718902197 0.32785200266221626
-0.7040706587881438 0.7927881376865471
-0.3737599148193548 0.11332881522816449
-0.8210670183232763 0.634278565061869
-0.26952910475545255 -0.05010708968006901
2.1528499572180357 1.3959648642664035
-0.19900577300956263 -0.4374283056191792
1.4015107162273686 -2.6162777286085186
-0.19609776479466554 0.4862124884527905
0.09306357049827711 1.203755262427239
0.09662631570898436 0.7934767839329023
-0.8007683090456171 -0.11331434915981038
0.3764880320610854 -2.0241412397215632
0.3392174132209666 1.63601903127348
1.1027438010026274 0.2645312893265292
0.0780088352112023 -1.239352077786874
-0.8509222286777243 0.6498921410063719
0.3763456411263322 -0.364679292517773
0.3685840624682898 -1.6010326229590806
-0.6455994471152176 1.1467609069072944
-0.258309487558257 -0.13013485386363902
0.43280777474101806 -1.6530225069285294
0.30612863039645705 -0.23885085534499934
-0.8524078959930316 0.29986007737305964
-0.2545177514814547 0.6425314558677659
-0.45404229323075174 0.9240697737783504
-0.7965814666931597 0.03661038451493563
0.033341314683290664 1.6616660932478526
-0.22111534291723992 -0.5776819059256665
0.5435183580224806 1.901892494012491
1.4670758042283323 -0.03229548125005099
0.6582033617436868 -0.3353375507295039
-1.0484337996758997 0.18984067678638447
-0.5937010385238477 -0.22586115904406273
-0.4606319329081895 0.7846036923714735
-0.04139090151642398 1.2149061890040374
0.20869974948115733 0.28285642363154495
-0.8347698705038156 -1.2616484836183606
1.3376297418946677 -1.027976597050412
-0.6023079824985043 -1.3310977487784577
-0.07127272003757461 -0.4520443533921414
-2.322519991405034 -0.6266707269609858
0.6575793952361092 0.9897956601394157
-0.6636244570540195 -0.07087706482038794
0.4940748325182098 0.9038114272646751
1.78133199192492 0.8453527342696169
-0.5519612424593591 0.5355538583878665
0.2359071000703751 0.06909251391801942
1.2892095033588926 0.38157072759606686
2.0549876944643883 1.1615321083283618
-0.06177769646836986 0.4688076169670845
-0.1338187032171208 1.5044567241423388
-1.3005319987218633 0.34456409771241936
0.7276741125533274 0.20681421577580222
0.21787282442390554 1.3822053404686074
0.958823041219723 0.4395747294765255
-0.4014490596117837 -0.16592442754341255
-0.05494887828921424 -0.7548468197562269
-2.3951982967851624 0.09933987628652693
-0.671104156116045 0.2344570014059026
1.8494703167056772 -1.5641910269928836
-0.6636055597177845 -0.4893965422134487
0.8689930404830004 2.459270027240967
0.39654592294256225 0.3104703235852908
-0.6362172306999421 -0.5761821830634656
0.5765877697574036 -0.34986520171634583
0.5168704151058653 -0.9027874742498117
0.43468863276877295 1.0975380076859527
1.3191267968725384 0.966133107143933
-1.0648049754075581 0.7900313395301953
-3.835949068074266 1.8037161693536565
0.5579710383747272 -0.3712496399379176
0.47236771177683795 0.6113681968795778
0.8225219099104885 -0.7336533651095328
-0.5215650951463022 0.5959053574764723
0.21263297307940607 0.5761526746558852
-0.49944796058193197 0.22311194074494836
0.6990074177281794 1.0853547005272743
-0.3632868799735646 -0.5997664628292719
-1.215476512330562 -0.8044314591733147
-0.04201617983230477 0.1393545431334708
0.704356804109837 -1.7283693083339287
0.6671614571415606 0.936371720368756
1.3649069858573755 -0.5837060804687401
-1.8814363513945775 0.9828276914749557
0.10384726847503148 0.32342722609081653
1.4171086650124691 -3.2529556114137015
0.0035962270289135708 0.5887914903337483
-2.0162449111063125 -0.2286139273764313
-1.353064891563553 1.5418496104836699
-2.204397980986913 -1.5266660384294208
0.46026453835047243 0.6892166024723796
-1.410681011939164 0.36953820560799866
0.11914997126040568 0.4481103447927726
-2.171604867967996 1.6173599029822996
-0.24386296571376695 0.2942107135984338
0.04635263512746998 1.559680648293589
0.8024879339229231 0.3950761329827371
1.3826507789734905 -0.9437441564150929
-1.1395709736856963 -0.5692026356334651
0.6835103295090288 1.6700528430563102
1.010130555067782 1.2219682901537439
0.758952273344898 -0.954240483442138
0.3634274364542083 2.109473935827137
0.2655580574312483 0.3943967067135932
-1.6126183789255546 -0.8348303523219269
-0.2609786401429009 -0.15437363764816145
-0.5650983235793103 -0.27169143300353826
-0.315517717913631 -0.3847559961897836
-0.0017232239860863086 0.04120737063368562
-0.6641854387276834 -0.1715047844022437
-0.1471429048190686 1.1295316113645588
0.5284588602384613 -0.023812247800048324
1.294244899268458 -0.7003619098725423
1.0050084106616983 0.4715039245293241
0.8194209994236861 -0.09418260412669574
-1.039451672944372 -0.34145502997708177
0.1225678942323076 0.5870612222759094
-1.8337634794471127 -0.18940390525195558
-1.8344974816383166 1.045949864520282
0.05109593253505108 0.8503423337602178
0.48170200479664865 -0.9889621130830488
