0.17764333142442942 -0.7563409086226099
0.4427107510905328 -0.5922316729187658
1.3760617914205586 0.8011585582271156
0.6660610318327591 -0.67364883805166
-0.004709296088339411 -0.2045324588044335
-2.033752706010986 -0.7315005278588432
0.934502718224303 0.38378857194246313
0.48617831386731897 -1.6226072986618163
0.692902957508281 -0.4439070428779881
1.8480424555708976 -0.004576883743321864
-1.5483365005697354 -0.769621523097767
0.36445005297703154 1.5929691596922615
-0.09493832869084304 -0.1803027790660152
0.37593407635337694 -0.2578919587335506
-0.7298688638107518 0.04823327830888675
-1.2733389916698423 -0.5398767989887813
-0.4990757951758399 -1.960889501253159
0.376774287748845 -0.3744691132610407
1.2072386978144056 -0.7187021932189475
-1.6473199375050076 -0.22460191583824554
0.2815292711727535 -0.23456411986764109
-0.033839431223201454 0.6872239326585654
-0.5374194267468695 0.2079068064793326
-0.23896849595797065 -1.1900300537918382
0.25211027835849187 -0.47946165100350435
0.4298723652250671 2.1476707475639
-0.22780802416618048 1.06638819402139
1.4355078024335184 0.6399636611090773
-1.352301439274644 0.8468149898850644
-0.6708895675075026 -0.876092874335179
-0.3410981834597461 -0.8312034106718421
-0.43326736232677965 0.20346718323158614
1.0287272199644897 0.2195924868047253
-1.0436948492827942 -0.2635690270375347
0.21512697760020594 0.026405716907469484
1.0978833070934901 -0.2675462225652163
1.029389143825438 0.08122018963413696
0.6999429410468405 -0.8261683356299514
-2.078301047820466 0.02311436230324506
-2.837217871000411 0.010451773934920241
0.67691654609516 0.04376867942269184
-0.750013156615709 0.34590895729860793
-3.3428946944654885 0.4465095156107017
-1.0606894919543262 -0.3320363272424
-0.08037259825430824 0.14486307159377457
0.1524591630734671 -0.062103193765777824
-0.4047600881660317 0.7308402755842195
0.08953799420714152 -1.2968477269510204
1.8330378473559734 -0.09898249045423627
-1.7844528485819757 -0.027905299859084187
-1.4959161578125733 0.5420716986538286
0.20951655568598118 -1.3197183052950325
-1.3487622929517655 0.44734891119893766
-1.1234617778586573 -1.1325291044039723
-2.2224632019075314 -0.6924618337541728
0.26645263865961444 1.1161586542319357
1.585536488560611 0.6806473538971781
0.7774170540359349 0.2822626770947834
-1.1634596804102846 -0.5817303844577045
0.8842745497771242 0.31155460866265444
0.17380728617419489 0.32730803625638305
0.16241503418570913 1.2661733123941197
0.23332574473623668 -1.7328131720726256
1.1093307450594154 1.3547670431990644
-1.3516011500966925 0.7274463888203178
1.3251899681030412 0.4495546041618034
0.2077149379596862 0.942503415767659
0.3489561749247379 -1.061238800464237
-0.30952438570095914 0.2904110882530329
0.8851778500512851 -0.3413290922812725
0.7157602290873291 -0.16149505964659486
-0.008274319265260064 0.23887608732544796
-0.49812775200434417 1.217080987755597
0.4759631557594005 0.05549157886052505
-0.4361255848605926 2.4129923624176937
-0.5104681464858901 0.2022855714471376
0.08475708041318336 0.2067324438419938
1.3330477027656065 0.05371848482176883
-0.38553896770765067 -0.42214109685738016
1.070536748144107 1.787360487440882
0.45807304818575845 -0.8665065409306214
0.9849985788226443 1.2743293074071693
1.3438730318919825 1.0497083417332485
0.4568587113304354 -1.0461841499062254
0.4745867197135156 -0.8850979767293446
0.34511931180857064 -0.6038691052710865
-1.8898487002566877 -0.9983409853956353
0.19465319018444 0.46910477725893124
-0.7012612480562673 0.08043090874404558
0.2234588214081163 -1.2389752468681168
-0.1349222473561337 1.263119726418635
-0.7757258381869045 -0.42541812374257193
0.4025203698920176 1.0778834280048764
0.17391379677330054 0.627498635144268
0.7394913214421023 -1.9785523266154217
-1.7193940369150826 1.4636580700341046
1.6100323544804425 1.1618666244677254
0.01656241514393403 0.46408126091690693
1.1298906157348605 0.15158093094052913
-0.603569015093968 -1.3805991575914363
0.27813426454047 -0.5332918710799198
-0.3164089287596508 -1.0811738109051343
-0.1296927878934702 -1.6870350432131824
-0.2090767609495821 0.10980877317732984
0.6333176913386253 0.569233358661228
-1.4462579033543435 -0.49296723979906804
0.518010910585187 2.588992399810641
0.07769338564353151 0.7961792076702982
0.5297927061983971 -2.2014380687844253
1.2974343463305267 0.2900470021731542
-0.7714660868674462 1.7591941743547617
-0.6407377955309462 0.27310776731296416
-1.167094325785569 1.0822890117221138
0.9668635418005526 0.4857791200050887
-0.044517143067855626 0.35514036675404836
0.41962948360941754 0.7875769663502701
-1.859676143887023 -0.1621834979689812
0.07907278068767201 -1.1707409191137002
-1.668245393608573 0.4585693003168365
-0.8027061893548022 0.2844917100132236
-2.304141496657375 -1.4736294833846804
-0.38419575946620566 -0.48813313590137436
0.1435532853800601 -0.11921671309101337
0.1902343246674976 -0.06447944770201135
0.5088955705952547 -0.9550765781079711
1.3321485050231814 -1.508509116398861
-0.5837931903506111 0.48758887554463054
0.17941898941152304 -0.6333380618544833
0.5093751429576466 -1.6185426751072685
-0.4122954414486037 0.210982213725468
1.0238133361387558 -1.2312474186840112
1.3632813048904886 0.9228846229760127
-1.1063826273783581 1.7057549655139952
2.52754781940932 2.1988367645322255
-0.23962530042924068 -1.637144858870671
0.8020627916111643 0.0193612723881701
-0.23362325728819752 -1.5586852743811084
-1.3617336170175751 -0.05457153398841628
-0.5902286204586272 -0.18754947276402958
-0.021595087536201842 0.21924396892343903
1.0485988864724594 -0.07958880214321148
1.8152226851497344 0.5144557039535876
-0.6749423306269724 -0.6895654738303604
-0.9731602461167057 -0.7262231243321204
1.2664413172013957 1.4454405757218065
-0.2301529728028724 0.6009236652520795
0.6330116010353661 -0.5554372927653164
1.858941657646626 0.28899003677785373
0.3966664185924733 -0.14174280089293292
0.21155646304420037 0.03872588724071353
-0.9122105183635422 0.5597474618695384
0.4343959077804042 -1.9453486709233765
0.25359361431089744 0.9409621259242178
-2.426237168156681 0.7111213155578098
1.9183588346082465 0.27309890618509447
0.23473675555149875 1.2189541352012827
0.36909354189568655 0.3807393635446971
-0.710943966648315 -0.1962926686228447
0.7067339709970294 2.030718382941231
-0.5304470652304456 2.752309342613444
-0.11481605191315612 0.8127653840494722
0.6119973976493374 -2.301466397609576
0.9514573027181822 -0.5664595967958106
-1.5209065121914291 -0.43646156461651925
-2.3160162106117745 0.027962028097719752
-1.0308762300788687 -0.45214334414112045
-1.8333066657642156 -0.8220227876609802
-0.46235366811735323 0.7800481559297531
0.4467844383417711 0.3651974597345495
-0.5496231491287541 0.3470480514626758
-0.333991718154005 -0.11102364734930882
0.019859219485856706 -1.5996520526722722
-1.118514710649339 0.33250933483659556
0.9731100275741664 -0.8845586896676514
0.9665715652541599 -1.3337874930372107
1.4254518420746118 0.8772458453639547
-0.15692210660996536 0.8839628190908513
-0.6381053600440633 0.0959074855114346
1.65900301315331 -1.1446715374413854
0.8378584524380486 1.5997657045487634
-1.3987091915259395 -0.6233221341880477
-0.2523454849086255 1.4972649310736112
0.627531511659976 -1.784936637845254
0.0892697638111931 -0.5379461842686245
-0.2737920127893865 -0.8545411306645854
-0.44745668480143486 0.664018447389282
-1.4772255305500566 0.15785698196708212
-1.712245135150104 1.443775523170208
0.2607024155038079 -0.2695036556142585
1.334706772834634 0.8405556018948498
-0.6344158954994347 1.5996594114001441
0.5814528531184392 -1.4113920384208405
1.7620184170601483 -0.18561861631786186
-0.8388891227162341 -0.038046146000202494
-1.076828500189007 0.14937484197180217
1.5928404980513253 0.13850697003985155
-0.9049099796018772 0.21182208508154796
-1.2904404243849175 1.937056742998842
1.148259467706311 -0.7734204392493261
0.13359646592697888 -1.6578385204489543
-0.709152840046867 1.072973622345404
0.25524691863452353 -0.9696027586506836
-0.7310740008568674 -0.6904388025197753
0.08904890114087549 1.7220273533574697
0.8721106852217944 1.4343305376099418
-0.0494445223704159 1.176384903550613
-0.4082872768271198 0.43966936327619754
-1.3502598119400573 0.79883726394719
0.03853152638400711 1.1573307282730392
-1.3530666847592945 -0.7965049467931591
-2.224454415106489 0.025402562282622294
-0.18867334148509285 -0.769505392980765
1.1032491000282172 -0.9138584190379138
-0.7259758705889914 1.2841094016209618
1.9344968207502784 -1.2598356792601209
-0.8149843671157517 0.7412227249123112
0.5333922103870801 0.1366669307992859
0.5872089238669431 -0.23828228962015968
0.14746027008787063 1.48305954922066
0.39784890588138366 2.3947697774456738
0.31501109513538594 -1.0194717345551547
0.015445464006265428 -0.7716384458827182
-1.002754328550921 -0.2424263772652169
-1.1092935425226003 -1.2792291275472394
1.9718391198694998 0.3351102889761648
-0.631575654309575 0.14575515656609184
0.1819490183172193 0.4322266800463312
-0.1572006906608396 0.5859540049394576
0.6903603507816921 1.344297604919676
0.055024109973419645 -0.3462141904036058
1.4005384601080937 0.8309700787634393
-1.39006859732194 0.9422067838108881
0.6762120206411919 -0.5200884662742518
0.09157167855774298 1.3385089098218796
0.1619365909609844 -0.674042538199954
-0.13049790016457263 -0.1932933964566726
-0.7221507306143299 -0.09160943096356411
1.7771922048501123 -0.06759605314908497
-0.12117625060386968 0.5107093885495021
-1.3176216020330311 -1.5440726892949161
-0.5046374872540996 0.5532366557962921
0.7418490199174667 0.17832853233602325
-0.880725373753469 -0.40839842270534826
0.9943009422786514 0.9195508961700067
0.6751093879106324 -0.6344738514400607
0.14008833978455867 -1.923254469182969
0.22195798755813032 0.6458141770457169
0.519743512718232 1.71410876194137
-1.0809091592143096 -0.6698620031549868
1.5858818209412762 0.07647394803118268
-0.3720780898825342 1.9527556283553844
0.4701393498103464 -0.7136452067875606
0.1735263990518274 -1.1209918732959379
0.8910508422431416 -0.6015647318624503
-1.6557580092639286 -0.8734976809373731
0.5333304705956791 -0.20040071771231993
-1.4235727621461136 -0.5050922228614033
-0.09085045551711825 1.4785692480940995
2.3961939733170206 0.9802702180498253
-1.0643055682514901 0.7336933555927379
0.0788040054649592 -0.24737250485459025
-0.050390154887640856 0.9784438802780325
1.295813348328362 0.06296938496347945
1.4657155574419054 0.12331146524767636
0.9390970727045828 0.6676826061759601
1.1767010893546375 -0.09088229516376267
-0.9559633333336107 0.3759088224336218
0.8783221669761554 0.9308111167754464
0.36427066304528594 2.2219550609120726
-0.4796392189996165 0.3880047439528217
-0.9294055360469722 0.5288856946213779
0.07073102223555225 0.92885850097346
0.04677318908748693 -1.5400348260812613
0.7565261641131837 1.4144221459116282
0.08389590554875033 0.9048752135856579
-0.3459995592444569 -2.0681853309853553
2.362680453001837 -1.8798651762323477
-0.6294852821179538 -0.4515366279201254
0.042128695321667964 -1.035779930101525
-0.5473632527014967 -0.9582064771489262
0.7528133560366372 1.0630677354216505
-1.2323186269531852 0.9753545460125213
-1.9995369246073234 0.9869759381974228
-0.9657235030353056 1.7251901716125377
0.1607122788471252 0.2565994459885922
1.6739428038887223 0.6939974000861894
0.722587966427248 0.11256698934863921
-0.5945763157755444 1.1898546960005458
-1.7947047327451804 -0.2928698691264093
1.120972548329915 -0.5843982059539216
-0.08560693173748958 -1.6290585294159976
0.28822784300319265 0.04378079979571559
1.1627831663884698 0.1610165180566831
0.37751509911239634 0.4147876522091292
0.10978553325324676 -0.9569843412121243
0.24384480203135284 -2.0934210799362294
1.5691713968548597 -1.0337213439748512
-1.3457920942099444 -0.4762499131771792
0.5486665899127268 0.7493660197514967
-0.5646123253796536 -0.046245657185188305
-2.033067820308073 -0.02219378214913758
0.07447045297289823 -2.4337803268913154
-0.6840015305323317 0.0523186834445076
1.2411067113029923 0.5763135893721462
1.1399659714994812 0.021274378553496662
0.023374207046480994 0.4241156907236862
-0.33570575359928756 -1.5986986942709085
-0.34776693964954447 -0.42913552200764804
-0.4594667147068129 -0.5460309571736046
0.1368149058219637 -0.14493680504739448
-0.4745133690879995 0.679835838252046
0.8503892284169511 1.0288159992184283
-1.9244560603417806 -0.41074653508052567
-0.4246267231085528 1.2488405569785745
-0.9205372120360805 1.2627992432822828
-3.5972133499182517 1.6710574687670168
0.36645210890357127 0.47281423543611284
0.1833060524999539 -0.3879545589656197
0.28734983760583627 1.0942542887234301
0.8528373961232705 1.5095338694746054
0.6146501007146323 -0.8429674415198409
0.8437601241889767 -0.4525627075910288
1.7789542957058406 -0.005753272819519396
0.15993783961642802 1.254914394794213
-1.1795320212334977 -1.0078544139473722
-1.4052065442031512 0.4340070869340679
-0.305063115866519 -0.048576641276210884
0.10507005896633646 1.0181468137408292
-0.4235144797717342 0.33111007727434
0.045746418834326445 -0.13426268121116758
-0.28142831086174896 -1.3464759468149818
-0.5588949031176046 -0.848436126474462
0.370796053660324 -0.21952941598525944
0.7249770783013587 0.160939755365298
-0.37098388036602076 0.5983389133871779
0.1652696742810673 1.4625837340251284
-0.5934252384274467 0.366781667094263
1.1042709316551913 -0.004146101211588512
0.6677253685867532 0.17412837824329272
-0.7034033680665547 -0.5031922637619096
-0.34574042802228 2.11624564466964
0.5319783893713804 1.8456156853190198
0.3728548111160503 0.15537080846896198
0.8765574728343204 1.127136615347774
-0.6363280547248297 1.546396867421945
0.25605010949553847 0.6126051272704902
-0.7119563015421663 0.600696305018741
-1.0743436313223538 -0.6971418307230379
-1.111114425849562 0.80919840758645
1.9791401724558817 1.2275086625264562
0.8862149004039072 -0.39691122351853736
-0.3423593349535686 0.35771647443940385
0.426014798552893 1.2114624766867572
0.8930363636493299 -0.9365614919799207
-1.4155765538279317 0.6603174277814259
0.7117537700326878 0.19868673854716987
-0.12130317958971933 -1.5723420830462826
0.19187986297611298 1.5634667893474936
0.5099010273055533 -0.1306755883831421
-0.38666021526650846 0.7079192596860205
-0.2952423520132485 0.5670863112808163
-0.9016972815299076 1.4898324124920224
-0.13853999322539798 -0.4429418783635012
-0.226485803527709 0.4647263456126862
0.29001874747289286 0.14486874894452925
-1.3399106840712163 0.7631240659944727
0.19029218704235337 1.803188593043706
0.40676068844418095 0.8626448647219042
0.08015817696703792 -0.44240925139436343
0.2540714555305435 1.4421919528983735
1.2338377938264236 -0.05292024740270272
-1.6130850404897985 -1.4102821833163062
1.1982931789084745 -0.8450416120568818
-1.4969450071771773 0.15398133439228973
-0.34789304266755394 -1.9451785167185431
-0.6940443332184613 0.3306712434420106
0.31551434297918807 -1.1253324170575556
0.6731663671687969 -0.3041351325171157
-0.4777924553014947 -0.6833425835046566
-0.16767504134181746 0.04674628826057447
1.4742926375771594 0.8017064307596917
-0.08030102078252804 1.0029853844664598
-2.7767593317710616e-05 0.45568966876215333
-0.4394382306711815 -0.3783746252413174
0.3945111635391636 0.4836922332212425
-1.4769179672981105 0.4821665799072475
-0.6532659639388415 -1.389280002863153
-0.24885229566539244 0.5925516207000273
-0.6644543221001797 -0.017873523253786557
1.3030362221894956 1.1480958159317844
-1.0891053795255408 1.7059755800800904
0.6187605134932174 0.3593756810013458
-1.179475065919204 0.9742580483991001
-1.6645320859029262 0.08494320166701791
0.5497493030159236 -0.28949131383388343
0.35238751482274533 -0.6934091329379163
1.4241819842253385 0.21319656308282262
-0.2728257619985293 0.5892729952278257
1.6401165881830777 -1.3798745695380024
-1.5540240969002963 0.3004264447779171
1.8246866393152639 1.8823153696823038
1.1635050922761574 3.366275376015163
1.8204705207427778 -0.978827871071146
2.486498484284975 1.1210683544003108
0.6491700733518297 1.282893389820925
1.0594486349351242 0.15809058488942143
-0.1369801932894129 -0.9290652377606142
-0.09439651951059906 0.2942584971491924
-1.003947413955682 -1.3097263311729608
0.2049148662378719 0.08846337207898848
0.7679229669466456 -0.25603711395276757
-0.7871000431690871 1.1503682797360009
-2.4173384435766048 1.6854176802725982
0.10866390584975862 1.1411835777782318
-0.29798382977041515 1.8494682577426056
-1.6176490677796618 -0.013304200935092677
-0.23288149651628556 0.13111733749260548
-0.19863284220358188 0.6315196383897631
-0.8204452353678157 -0.720056814153961
-0.8532501622962512 0.22189414097688373
-0.7814368263388213 0.6897716293426116
0.35654107561340487 -0.08466507457831868
-1.4503482638562741 0.009782526834804352
-1.4555905938102152 0.44382156665930567
-0.8830842026142144 -0.04116678045270183
0.09277770525512784 -0.06729068308791004
-0.01039651109825842 0.6311023328756838
-2.25720884686253 0.8486943120370651
-0.20850243663393778 0.4406571164368166
0.588405205023081 -0.8557424800257764
0.2939135628067579 1.5297846173730802
-1.4373769357719661 1.6763375100821805
-1.4679156671371327 1.6302185801952278
0.6702699099047892 1.9084674202487952
2.719623302627597 -1.743134726493922
0.5879963628300009 -0.5632624742130862
-0.6943478634084657 2.905476477446967
0.6180277359753217 0.28676429990235763
0.5893386616274496 0.8025766488881589
-1.128415633401003 -0.32045914808316245
0.51147903891101 -1.0032467128732874
-0.5712932785069061 -0.981476648307593
0.5571239024333469 -0.3111485690892697
-0.5641752218764897 -0.43199921853891643
-1.7430510390295209 -0.5571627990771127
0.06253561967063717 2.100576866616791
-0.9134825802241799 1.7396575938301826
0.0322922752358852 0.6663194164363215
0.7330309665051771 -0.09298117859235229
0.9369512536929541 -0.9105242396214187
-0.4901997239482657 -0.8837933203571117
-0.08770627164952949 0.4718705452395105
0.5336260528091658 -0.6678562872250771
-1.8423797990904474 -0.5138133126223692
0.11051569548010336 -0.5132735750179505
1.4112162850701522 0.33397018443266535
0.42379104452869676 0.06801844669065174
0.7105062344942498 -0.5427416766377373
0.5840193927751682 -0.13030991012837478
0.1379399124586872 0.9529208795467814
-0.3428027190366605 0.10987919494878857
1.270895742418722 -0.21396055286052215
-0.5480466427926983 -2.102957006443599
-0.3784063115656276 -0.668852877372424
0.5200166633829683 -0.782864151214688
1.5393303396063103 0.8414301243906899
-1.7056205825211614 1.2634676110595444
-0.05253545137008239 -1.3041705950273406
-2.801614088129175 -1.5725056167702638
1.5047453067064227 -0.5313117736902822
1.15073002036672 0.8793423546561155
-0.5304552009702802 0.47479890194189034
1.0938314289770192 -0.37103509570680004
-1.035626513895797 -0.9601402663847793
-0.5316365153195257 -0.03535130967718641
-0.8225024286895327 -0.08146381302771709
0.6199230417179972 -1.6338056124630356
-1.7853624870935567 -0.5695158527762181
-0.8519235667175105 0.01027168599242493
-1.9884364959299692 -2.331146097344175
0.15535519828398772 -0.29525932932219473
-1.1811917774310634 0.41023280449502975
-1.478671436425313 -0.49287291463814353
0.04302077098425185 0.5944661879349907
0.6715701106221932 0.48168497824679896
-0.4065408973795151 0.9738807931547547
0.9723838230857683 -1.2616666245076316
-0.06067474785980658 -1.9318552353422869
-0.03686635290058754 -1.5308025563187213
-0.3161224995686519 0.448497407107283
0.6100864030299062 0.48330813597482286
-0.7587145733630748 1.4299175349797835
0.17795993725032808 0.5342773319687942
-2.1097231437501236 -0.359808248505585
0.9962766266096585 -0.3826891563399099
0.8810956092649114 -1.6128875768889341
-1.0235215551463441 1.1664066654751986
1.0091097569257081 -1.6967327444101667
-1.6502208624983217 -1.3051763722136651
-1.2484143883539223 0.02652079208558952
-0.7088919232330703 0.244858675973788
0.05476573930482145 -0.829321815388148
0.3331248969156557 1.371820531081627
-0.018839345919874715 0.13248061391272906
1.1807658671982308 1.6156023454498947
0.5725040613986832 -1.6616116150024307
2.585860376698364 1.8844924349060526
-1.1734431310366524 0.6437776380821091
-0.042327170666932624 0.5262083705207764
0.3803681595130942 -1.5463187736026984
0.5860177384108868 1.4969090706463404
-0.006849941989269524 1.2405847600165494
-0.784790011467527 -1.038887386816168
0.7501315411778883 -0.9897476583699422
1.0665711224242351 -0.43626303131614225
-1.0494178123454567 1.838954090377907
0.9627265954163489 -1.2466904920196007
-0.5392155354463017 0.5147962955881503
0.16926651370001217 0.8411616250343343
0.6591794259272454 0.25436512709587616
-2.071606036396342 -0.9954774488682938
-0.9012013805992807 -0.9645181055616135
-0.36009398090139483 0.41511313950344747
-0.6310028981576473 0.5166665620993144
0.2646374572226644 0.7679889392522625
0.7123530120164446 0.6744181545948634
0.05801973330323358 -0.953409728329285
1.809225896609661 0.37554085183324587
1.015983295882356 -1.1778597888812312
-0.0001220536135792194 -0.1591030417563365
0.5235696139760989 -1.2251762303964004
0.04417544724520175 0.18117135214124663
-1.2740275935808218 -0.1669125561951377
0.22719931897403656 -0.5713504192556368
-0.09335954148547639 0.10301349191559694
1.305505369876419 0.7756243131471189
0.06114755470938824 -2.0312808077157594
-1.4806509408505832 1.0492969627823214
-2.112894624791738 0.06784806437612825
0.0358959362870305 0.35403908339002
-0.047382653191760986 -0.1802803185103257
1.0855621880889001 -0.8481791298772202
1.6441406735256674 1.1112900461911572
0.8161912272342123 1.3271022825362435
0.26110819558805687 -1.5496301242486972
-0.38202629809438304 -0.6657360832206327
1.1417585978198137 1.2867974514765304
-2.1245589880235483 -1.636129283581615
0.1648377423778901 -0.4543089786879461
-0.8389580743048898 -2.0134889469924713
0.9277906994371964 -1.0611208046423457
0.9176679658684134 2.1266482911689892
-0.16044374832618755 0.9638207138539847
0.9080611252249122 -0.2647871521097738
-0.6381069074367002 0.11570380564413278
0.19064571765595784 -0.26931369753048356
-1.0311622257299446 0.20391646222677334
0.44921889950589533 -0.8998405266862948
0.5035444465139607 1.0041867405948262
-0.8089134789166255 0.030338825276798213
-1.0754817300926072 -0.40200966947878636
-0.7329337789708955 -0.8514516032879941
-0.8182094111314605 0.5216751969932107
-0.41647870011858507 0.693332374524353
0.012050905553649547 1.2846538237218792
-0.16642627338223615 -0.6514663094763116
-0.3310251439022774 -1.4575017763057223
0.45381914155745023 0.14094066332276822
0.7810278750569694 0.36444838912371347
0.8702945459681135 0.19995227758940162
-0.628745171860957 0.21242639641789612
0.7336905118913876 -0.5259019730914071
-1.0134322834384957 0.39137779376080967
-0.5393000714239861 0.6158361170160139
-0.28543695805192804 1.877967102886093
-1.0753081191119234 -1.701954269832171
-0.3807813535205699 0.48896678398615606
0.9243471513982574 1.2479152771120947
0.03329522089469188 -0.38263401278610865
0.293193879752746 -1.781266902435125
-0.7588834366140532 0.03842573598139364
-0.690302407419864 1.9602282399541966
0.9110151920948922 -0.9493548427196447
1.88443896330556 -0.5583898973065946
-0.281441908497881 0.3540938319747517
-1.205848069806426 -0.24024620843353608
0.09260326724165358 0.15312898352246404
-0.781344856217889 -0.19233705933659676
0.9163065671355156 0.5615055171124038
0.951559756739308 -1.2373995396802138
-0.6053658800949852 -1.707014660742888
-0.9767558907770699 -1.0351594972741263
-1.3069846662242972 -0.34833259768080665
-0.9299389947315322 0.3365737157287246
0.5075124763123281 1.7588368432390182
-0.6540183572586986 1.8140525360805184
0.15842044364346564 -1.105814736622741
-1.1013590911449775 -1.1341446722095605
-0.3658917418625807 1.2904399141341063
0.20204925538996138 -0.2975210377653808
0.25802567733673054 -1.6765099906019743
1.8240432690509987 -2.2847766399541847
1.1974806542213063 0.30158137666522983
1.9348974217463522 -1.9667020968090874
-1.4545515841461893 0.6601441169665763
-2.4325607639474565 -0.02925420111593786
1.0314306072146218 -0.6827625375852362
1.7154483051669223 -1.3390457323944838
0.48074905612009583 1.6962977594850575
-1.249193338880834 -1.4987512895671196
0.3549030713291437 0.028638651103591154
-0.46833938662127295 -1.283338598381857
-1.829896651199899 -2.916140923336632
-0.33316161212849177 0.6402953954134482
-0.9251354208503926 -0.934803936289992
-1.1082249140763714 0.10439763751068457
1.4930657927006588 2.5054203225972502
1.224412042450427 -0.6592864050287287
1.0889040107242791 -0.06597974792034497
0.5693963956807153 1.280846989068654
-0.0748790917015148 0.28770066969476765
-1.8401177000028683 -0.21389008228134831
-0.35157779266043426 0.4886261088866254
-0.9638172572486808 1.0038769306963315
0.7738942101068444 -1.2789762759424812
2.616532112398327 -0.39065313761111486
-1.102714510742639 -0.44291412240688016
0.3130581041470906 0.11099313404113434
-2.811644593307221 0.6388224398904088
-0.3079882555422165 -0.11624195136975435
-0.5723709573661719 -0.4531359696410006
0.15590982646685364 1.2841350362214454
-0.67662084564278 -0.46036383225583705
1.7394805153316797 -1.8665201530865496
-1.2820191046985525 0.7741027357399022
-0.6998814814686957 -1.3275172859986826
-0.9029361521357674 0.38721087727384335
0.2791142572795293 0.588200057239479
-1.1871483728480305 0.4945503379816896
0.9979300799187575 1.1359445690107943
0.08459575772494835 -0.4782111571371476
1.7960445968950702 0.04697828401597947
-0.2825863678178832 0.4062965145019185
0.2042737669814123 0.5729023606078023
0.4970193501775375 0.5870984760972786
-1.3216950399529117 -0.698312015569274
1.746863609767079 -1.676826457228189
-0.28204173069951394 -1.4800247765770336
-1.3443348442229763 -0.4199921744047205
-0.23489723950568192 -0.2676215555429883
0.8234469339617368 0.8180038555588393
0.77877130960418 1.4155224013280931
1.5644073492428106 -1.070076625472975
0.4908298158647694 -1.3105669430563538
-1.863357641113701 1.4825516050427314
0.742302050943604 -1.3252962484718689
1.182594120610201 0.297438039190878
0.38895027165433405 0.4604736059861715
1.1743498714364944 -1.469948058255222
-0.0484331962117462 1.0678238250142695
1.3841877826183588 0.6844263319506083
0.2625571637680098 2.647075379891881
1.4582462299571797 -1.0122121062915195
1.5240965695758437 -0.007827251313321237
0.7174836674023213 -1.872522225505019
0.08072485971089709 0.17550077133127873
0.5496570395977026 0.3580532475340232
-0.21878920425858156 0.4053853303468229
-1.2476731456698782 2.2004331085362128
0.5863266182278496 -1.9291594771211618
-0.26395932768268954 -0.6154795429527035
-0.4728407578590858 -0.873834539347171
-0.05037430416472205 0.7335072038156318
-0.32321487652394554 -0.9599407339931981
0.15512846327665755 -1.6272601999572642
0.4424058986293842 -2.5087364964150907
-1.337406094634238 1.9041568516215543
1.2052820679737382 -0.5002057604249553
0.2966140406361461 0.12698973756716816
-1.2181825749254274 -0.010027632138904213
-0.14199829614108547 0.17547553373719557
-0.786832757050015 2.4302273688513454
1.292286122324216 -1.0929107286360127
-0.5102616944257937 0.24543291165823367
1.5650380105146575 -1.0056136126899606
-0.5851036447381074 0.6858920261127859
-0.5786364138973894 -0.10465109315955042
0.8132793469244599 -0.8635796186519799
1.7460520128275312 0.5272190848255464
-1.0678800985390142 0.6508340444695471
-0.4661934401102793 -0.05471692561560211
-0.8989903931199755 -0.32528417944350957
3.544288350490039 1.1022843996669645
2.1714960855196157 1.0407400961449553
0.4343968691191589 0.06362266539990123
-0.05205291130582434 -0.2559215915363052
-1.2812726280328661 0.2140244502774917
1.1952959239538217 0.17279097377913266
1.1154548327351892 -0.22986458040763866
-0.2193528066887917 -1.2129952426609678
0.5312844467922451 0.4930037360854337
-0.5249092938962235 0.8325480880178432
-1.4205458893517444 0.48755006589545546
2.0114105153977913 0.18849644009837646
-0.01015213887548824 0.10681804526681354
-0.27098098567276346 -0.44523963634004465
0.2904728116298908 0.8603773751602938
-0.9701505716414821 -0.743742355706986
-2.3842725723386127 1.0789670374629723
0.36479181506880504 0.4107209355271299
-0.671509802129014 1.7121321155801301
-0.8893161482370209 0.9977382770466291
-0.32387293384210875 1.3195821216139523
1.2731116469734758 0.360238822195619
-1.2622773610993494 -0.21822818263403404
-0.24124202499987965 0.086769715675123
-1.0339580831661115 0.7877287289847883
-1.9751689865044484 -0.918670513627496
0.5532521260149923 0.7018850664114297
0.0755143355616599 -1.0619912443853092
2.953087262763415 -0.032296227777216434
-0.2278600425352456 1.9813598308265716
-0.47238293695535954 -1.8024270255453867
-2.2727631002249695 -1.4446404276982991
-0.5140520100555737 -1.473317851218838
0.33010001266991057 0.39162084902840605
-0.24779541740223748 -0.5710802529030615
-1.366179911270686 -0.012069180919535898
0.33379667719217737 -0.5357391888784565
-1.470499827911033 -0.29389817529738455
1.3159657599590913 -0.04107377610916506
-0.21300764355629784 1.2091560216793051
-0.972091699928187 0.3706459253066252
0.9379167839455669 0.8918990081748631
-0.35904924305425057 0.8033126327483615
0.911481412264317 -0.31092001772311517
2.1653563287181026 1.241199134120132
-0.29007274701840224 0.40901360817201227
-0.05561156053672996 -0.004325682113722853
-0.7577140958014974 0.9657146272034813
0.041269649184869805 -0.9391441024962107
1.3946165894223594 -0.2583962746834233
-0.9036114168932787 0.9662281563830053
-1.2266124343132927 -2.2845722397348913
-1.2980115633385683 1.2276504289337562
1.0351068040793494 0.6450194603787628
-1.3768583738836369 -2.0680788290657848
0.5102014793875578 0.7069402560568411
0.683629153647203 -0.2695340363455569
-0.760162274108911 -0.34863425328842096
-1.6249124016867735 -0.18767278954991104
-0.5397602543794865 0.04992197767276607
-0.6814373468785131 0.042085235026411816
0.5328870409011378 -0.18530933607455086
-0.0918163056709802 -0.6921650895225923
1.414720575322494 1.009927270976473
0.8549814316227343 -0.1904875758975195
0.1323445510270498 -0.1714628477686447
0.17340580058794422 0.14822391700866838
1.0334872759301015 0.42900931372547707
0.9951200167218527 -2.1167663131336174
0.7709246242023831 -1.7779664253467213
-1.2365673412214493 1.977761810262824
0.1471656968652052 -0.9245364162273723
-0.5753331409095453 0.18286135559278224
0.6647822927285437 -1.2309269217093726
-1.72763294160287 -0.6665198614389535
0.31375396690224605 -0.8931809651928804
-1.7081887922436143 0.3934779486419912
-1.1482645199892383 -0.44093950503707524
-0.6359290555790093 0.3914106393003131
0.38181363747278013 0.535764398156632
2.1335787430283295 0.7850423826012511
-0.1885952249027324 0.467544551217591
0.23534764922352094 0.7166962749539936
1.4057252085136558 0.8586274918499334
-0.804723618349419 -1.4853969555385684
1.769060810324075 0.9362601675084747
0.1551945698086346 -1.2034021027292967
0.1916348691671932 -0.09709755625330703
-0.060539695168088464 0.3338769087682459
-0.8926119380486088 0.40351481104955433
0.2655500018688826 1.3924352982959967
0.10899984908835798 -0.8028856866608982
-0.8862021525258543 0.8270811754948661
-0.46919463833932756 -2.6879948057056793
-0.05632634869212801 1.635271828492868
2.0491064883943646 -0.6628012408518711
-1.5141251119636108 -0.1915720358888209
1.9417434826083448 -0.6235767506501615
-0.05199074618628394 0.07160659161692931
0.5624622362196932 0.5440920057457554
0.5863196157600444 -1.3836260400183227
0.07483692246052515 1.2410014910998346
1.0516000006237816 -1.4736389582241645
-0.1973286933128391 1.3257559895177284
0.7563875811452627 1.224908548067279
0.3001119560169548 1.4902120493386584
2.0007369393190215 -0.6824926439073208
-0.11742892817416489 -0.6770067052724944
-0.49485328718565313 1.3816590029860898
2.0501746341534255 0.10379233134825012
0.8044843325192935 -0.5391216224056212
-1.6540594096911723 0.05920489484473589
0.3431677899713096 -1.5431782981421165
-1.4853307761494574 0.1502646005914587
0.5043295454049977 -0.2670684183874809
-0.047208135425824624 -2.1189881950187033
0.6277637035976548 0.35505505990679803
-1.1794119195622093 -1.599374513833337
1.3430253088733397 0.3416625780885517
1.1907080723721786 -0.6600278976615434
-0.32049691384470136 -0.9225640303378607
1.263229249939506 0.5710980020470886
-0.4896242427149117 0.364042382639512
0.15297425365817216 0.331589692145786
0.3294246520063931 -0.1171959381434948
1.223489518783209 -0.7587801940055021
-0.11007698401720103 1.1405992454342029
1.2610483556469843 -1.3092990266195206
0.9872599808053939 1.040369088182462
-0.1441720060314902 0.05008996973352995
-1.4127477932453358 -0.056094241771055695
0.6937362140479648 0.21456215468502068
-0.5053144964617678 0.9079002121469445
-0.9676826082641641 -0.9460738980352674
-0.8417141566723066 0.5955838136929272
-2.074387606823055 0.8163327758362919
1.1414463602084335 -0.17812400687104915
1.4643716103692277 0.41804586325879944
1.3124074283082323 -1.6327175067789024
0.08272111734341704 0.9162070503079381
-0.6299158287349855 -0.17615825811313868
-0.18998502650249455 -0.588439480725159
-0.72774058847881 -1.3423973952968817
-0.29410953296660014 0.41383799186115894
-0.09216665497101896 -0.4725423768191858
0.5717308923346555 -0.519743915017128
-1.3685891470226625 -0.33660802837283493
-0.0033653376323981876 -2.0278095390170283
-0.17822186377187932 -0.08922717397392317
1.484780370134415 -1.1769076138973407
-0.38028565860615365 0.8469121427660832
-1.2787521682356433 0.5461996069315821
-1.4455199899888955 0.33211019603430414
-0.2984508580165206 1.8271961085552613
1.5559233525892668 0.49100583422394406
0.4533381653502915 0.2829003555379143
-1.2885655936237668 0.2013033918995747
0.8483650366695233 0.4576988640809263
0.007443438204524879 -0.3126740960584803
2.021138809022763 0.9730884350162168
1.4169461103614338 -0.5202641733324566
-0.49837713572565356 0.02152325837066795
-0.6193951505423047 0.5462252862853402
-1.9915510070205118 0.8846664007238084
-1.2081669258107208 0.8924793001371956
1.9132544411199455 -0.5962376506168667
-0.04810731300251526 -0.7685042087611119
0.46258895481119355 -0.3106883651303562
0.9263635890008954 0.5769404067243399
0.9746676216651192 -0.08295441038667108
0.19208029582754618 -1.0634004615188926
2.5656554634336457 -0.29589573930691987
0.8482899195557833 1.5072820563580949
0.7263163028601124 0.9267943954053641
-2.3394248139312936 0.8250354551772768
-0.3993944021536391 0.4992751879157332
0.9143766050384613 -0.9792829813437471
-0.34712391036587503 -1.110242370748941
1.1869174988215034 0.2941082806312257
0.4780187855377251 -0.8633447422301722
-0.006858221210889564 0.12495743925750255
0.3452617270688978 -0.27320248385356233
-0.17154659017360555 -0.06919928274088778
-0.22210030500358652 -1.5716859229475246
-0.7208767324699992 0.2912385245239585
-0.3518124811376446 1.4953077909136505
-0.4231497790851917 0.8590498176249518
1.0320671158116737 0.4704340512192615
-0.12403052217550323 -1.7861517702052492
-0.03678667457518227 1.2870858534161504
0.6993620915022735 -0.46999998662676806
-0.18949219795555972 0.9927898335996549
-0.4993254310724055 0.5297663763215847
0.2474528149041431 -1.1996864817176915
-0.4077463464333138 0.5513536050779617
-1.6832087870305958 1.9428265531869975
-0.6817329349482629 0.008702239691299785
-0.8459908577735356 -1.123053838945499
-0.11573457543480598 2.0862652877735806
-0.6699497082269709 0.2980569949537168
-0.8000095726205567 0.8915469096501405
2.733106922878122 -0.6601574122665392
-1.2876131466469427 -1.6467181545566527
0.028193343022679538 -1.2716244090640347
0.6784147410506394 1.8366277402516162
-1.3383521909317608 -1.0035028899304508
-0.006734036820869334 -0.5930410385701583
0.729616337831578 0.8213588594732404
-0.49707349671537476 -0.9676783737739489
0.34943046144027456 0.4805397285004628
0.11808741364934824 0.6005752423582409
0.9426066230787397 2.1732828704450498
0.6053013647045915 -0.3693643953741882
1.05295620707014 0.6788819033850038
1.35257431591671 -2.377887131133843
-0.5359255734011864 -2.4308538150732013
0.48796693834256955 0.8467218291665374
-0.4077633091080702 -0.8847404142134542
1.6524749403674364 0.10052219402137745
1.1166057847106658 -0.5598524482025107
-1.3574086586020042 -0.28104981530397377
0.024863890859847148 -0.2520661375438514
-0.716131107789194 0.728415989374357
2.761208539534655 -0.3351167144643788
0.5517337004943471 -0.30112120966187356
-1.51975783196125 -0.459020140489854
1.331522738605275 0.2624102564139694
-0.040241377060940976 1.106348523538343
-0.14236158482641523 0.3853870584917967
0.3062217181849627 1.7175480521014588
0.3621363267549344 1.2100641820201292
-0.3391734402973015 -0.8035240849041246
-0.9725086360124379 -1.1034622332209947
0.13805211626271185 0.7291646035978896
-0.9103065276763531 1.833927106119921
0.5429679840322283 -0.2838288011291946
0.4689637147927389 -0.1884190880539724
0.4934861745715821 1.2002091234201573
0.7923832684929089 0.40644027090727863
-0.1143305226983141 1.564331174863317
-0.3092475323094749 2.5556081533236017
-0.0026324242672988714 0.4701423165365009
-1.991489545919878 -0.052735477727453295
-1.9623846145744437 -0.01691343530330848
1.330177959682609 -1.2484186632068435
-1.0693700197160005 0.8691954118482789
-1.4892571996129578 -1.20838880034606
0.2083959016328524 -0.15906098359065796
0.5838427337668121 -1.1607504736228507
1.4506457275891458 -2.664212091757766
0.651619930203853 -0.8205794212108034
0.05969287711207212 0.6245949897970555
-1.013568242734844 1.4344568296637197
0.4789684561964528 1.3585378696558679
-0.2258574917600725 0.1077432210477993
-1.1272614110681252 -0.5068590334073872
0.23593334254892384 0.42359612121572987
0.36001956644654004 -1.0174260896427703
0.3633404846734245 1.785306489843067
-0.21730786699221327 -1.8734293792607841
1.3394595158368157 0.31986096200354597
0.880539186443521 0.18613863313727017
-0.9963195970831744 -0.8262554375524104
-1.3323259966829162 -0.9206095138490649
0.22750104361282744 0.5596637982469018
0.4138973774086944 -1.3095042954362686
1.6619173893462709 1.5597881869669163
1.1956784208975646 0.7099633868977641
-0.810778317057772 0.3743272378996866
1.055252733042576 0.9295550417897774
0.8144619932665419 0.9577269383520677
0.4400090396502931 -0.6678608551004065
0.6731339709943767 1.5438804663106909
-1.1993535626348897 1.1953879535010934
-0.978193915292822 1.3898801359252817
-1.5720643214326613 0.033366163083254956
-1.1329772725472185 -0.9078991265435772
1.066248150979721 -0.8917997976466733
-0.6715440972054243 1.3668329262750203
-0.2564218999331026 -0.05445655515556778
-0.41831912571094315 1.3051125231010214
-0.19065443977257274 0.21987086515841825
-0.4691267726556446 -0.5697515596008021
0.03743597382613562 1.9763660919459427
1.2263791267269437 0.996707157141818
0.4326770230543998 0.1304582150674776
0.38018877623840064 0.8259840152077785
0.4562083630025038 -0.528778273907249
-1.5438968867851024 -0.8609451305155337
0.8529297176620049 -0.6382001947434189
1.6291516386157816 1.6694011126832347
1.5638494225390362 -0.3593974861460883
1.2946349614653416 2.0461504027338453
0.23516865414263366 -1.1951487333331314
0.1051963212298239 -1.5366134839273262
0.18375874534714925 1.258367869755879
0.09999654015999644 -0.29398409038319107
-1.1596130954846746 1.0228146121677455
-1.3737510831692787 -1.9741551494956135
-0.6817227543179456 -0.11256947226124739
-1.4368597931996954 1.4662907644077194
-0.7425908605056283 -0.7803973940733117
-0.18156258419731677 0.33566731041850245
-0.5435338684773611 0.06057167908463806
-0.6628950980199566 0.5762784957048185
-0.8640443671780784 -0.46688960765196746
0.7612076855521492 -0.40996312905434207
0.8442647195104829 -1.4006302847944188
