-1.279251219412474 0.32264323822695123
0.7375978154482498 0.8163560652156114
0.0981647874639636 1.006016076275329
-0.36304622705842293 0.5609027895251592
-0.8051313680376674 -0.5400079565378788
0.22627626309344018 -0.9899036319954764
0.43917754390613417 -0.1687877856412829
0.8183014721831037 -1.030539334235292
0.5875060672775498 0.2693732799968279
-0.19992299403074987 -1.1428815404103745
-0.586880001145715 -1.695953752606808
1.2717680338387611 -2.140890089988149
1.1168167367391602 -0.22535298607693569
-2.7580158553305676 -0.1972120526204982
-0.9428803016166857 -0.28183826676243434
-0.33060591096308634 0.4940670747425098
-0.7621844980977532 -0.3861903652200147
0.26324157034609497 1.325613683185155
0.5288459986929805 0.5874875043273506
2.1045712585393668 -0.5862719085956012
-1.1527294835817956 -0.49779036622384143
-0.16993065879812805 -0.1451318060527038
0.9400125892584434 -1.4476356168361495
1.5252306075203135 -0.4322223516163165
-0.647372850639655 -0.8731803414937405
-0.26843177400062257 1.0109285433666975
-0.5953184395282171 0.3217581453203319
-0.489136731374239 -0.022353559752821307
0.3684772622455207 -0.0655658787155873
-1.005766444436258 -0.10602125748895394
0.8693856019039384 -0.6628352888653675
-1.101240515041487 1.727569325771041
-1.319715914781377 0.05606011057701774
0.19286744340972506 1.1190247863883007
0.43848737595858944 0.1939912816240509
-1.1641093506610174 -0.4112020601339957
1.5647044493167015 -0.8806259553385752
0.09284221046490522 -0.1382360150964268
1.0482335172548272 -0.616152244200174
0.7614218896104125 -1.204576546989568
0.5224559672585978 1.005658334149866
-1.3855056642861248 0.1677692850662561
1.5034631477619764 1.1648899895146059
0.23935001298405845 0.09325940473781075
-1.4599248115618122 -0.19486273974716234
-0.16763517529793961 2.7003615690782827
1.0714564772002233 1.482731146517602
1.8498257929981872 0.6965538547769459
0.20903276843788554 1.898356614767615
1.4654710646098543 2.2085997896024163
-0.331824298853109 0.32917560457630957
0.058012472724401506 -0.6807639492428109
-0.8210635622450146 0.31776898736766446
-1.09304785156389 0.01915564299576813
0.2208125738530541 0.8049231146379707
-1.7060093813095394 -0.07101691701857932
0.7497729221349538 0.15076216613687288
-2.1756260859181435 -2.0540300362980113
0.3369067140254068 0.34006720028575066
-0.6985893383082651 -0.07981573833054423
0.6433865283937261 0.5364589600633224
0.6227636716993127 -0.00826390147055285
-1.2978677780432153 0.47539570191290104
-2.1646143362390005 -0.17855607343206978
2.054022783671931 1.4860221168661385
-2.0530450979643122 0.723280823228165
1.4833096209993801 -0.18326777441710151
0.5079388318207626 0.161322294183344
-1.4795065602511213 -0.3716019372372482
-1.6676080288252944 0.0796163828393705
-0.707804115383108 0.06869873451719893
-0.38655090167037365 -0.5998081132124933
1.7905150377151 -0.27115618449229006
-2.3653004350593863 0.3470659214078583
1.1347271317687324 -0.6116468525521415
-0.9273075390033947 -0.3183514500848713
-0.3526057379821652 -0.6626134426043884
0.9512567674324688 0.3109329804671885
-0.08762045553657986 0.8822241698110991
0.9588967653534086 -0.22354037997161486
-2.075580794808966 -1.270148887347508
0.42469133637004247 1.5799487011895865
-0.3207351764436044 -0.05808798001019517
-0.5778009876748789 -1.5395315353993215
-1.851289204052577 1.0060975604153855
0.9817475313258447 -0.5386214876039737
1.175062863354231 0.8423606566799547
-0.311549380076045 -0.5957530739501548
1.8460648389007177 0.49516290014372516
-0.4933081850909693 0.5490106438684696
0.6103470553122952 0.6274168918891403
-0.8532530124460738 -1.841875214492671
-1.7382255875833923 -1.647012870891097
0.6133085395775136 -2.124744822424654
-0.20849599237586922 -0.9922410799357398
-1.8887650068144652 1.1134024266908165
-1.1646371894672944 0.3104135697164671
0.03293570110501884 -3.3112685643785564
-1.1918050460424172 -0.8952762734313046
-2.1043483841546258 -1.3454075524107791
-0.9860734772104177 -0.2246238177341786
-0.19208678433259885 -2.8223757048720928
1.100884174716342 -0.572846350269374
-0.4361200969912824 -1.1958260254687392
-0.9736594412431178 -0.27897033815438727
0.10556026406771336 0.2651818419267094
0.5003015872047276 0.5296245878373756
-0.16181240897448285 -0.6232036392858183
-0.854524188447197 -1.2359996638523583
-0.9773132111943602 -0.32314034000489267
-1.0993539130004513 0.1554064543475149
-0.40153445576541646 1.237475945104132
1.1402425099277171 0.7061038601749925
-1.5868093799622072 -0.2800427726392178
-0.6764235951923584 0.738343025643339
1.676016348399622 -0.03303546716297052
0.18105589221168356 -1.7856054633161307
0.8643868864775365 -1.464442704507919
-1.1385239302430825 1.2885796344256297
0.027323836855340903 -0.9118891611945121
1.21976182070363 -1.1636067501693312
0.022615990870136757 0.24284054660618923
0.778016923860162 -1.28475325797011
-0.17783429371277557 -1.500090071890241
-1.2870015116917533 1.1094794340506524
0.5791403233393866 0.26796071979636776
0.759492051933648 -0.8672767383487263
0.6909563651316196 0.688342670190548
3.372347136243111 0.1532500646193243
0.7586322651524859 -1.4424869825327686
1.4445117513509078 -0.39510909839265174
-0.08797631656544344 -1.3259558990338305
-0.9160902744591031 -1.8062624143653592
1.3564517009893111 -1.5776038853007728
-1.639358481901425 1.0427363316970446
0.864255010894161 -0.08163378936626878
-0.9794068185653335 -0.5167803372262133
0.5026387247356235 -0.43903200153462013
-1.366458052180776 -1.379813391257396
0.11411206255679283 0.3321775420071076
0.7289306891274162 0.8268393709251486
-0.6742711445649834 1.1349999076220607
-0.4579110004306907 0.9036096279670002
-0.4274123268920949 -0.6579217330976597
-0.33727480896884504 -0.47236792622250223
1.0860830478795378 0.9643335224789678
-0.9575591327907513 -0.45648925287642694
-0.5356493855015414 0.12936995829951475
-1.958705988177472 -0.018056478154598547
-1.5429483828542359 0.2909371610447348
0.7711903549158224 -0.047409327252573845
1.5535945721107722 -0.500020559364773
-1.5944106338692186 2.4638484151592293
0.4923772619160281 -0.6689895397353767
1.9013281125449633 0.8205453936156224
0.6611268600822041 2.4936864731539927
-1.1277453985710688 -1.2071937405717212
-0.9411709313799251 1.1886692452158143
-1.1152393674303755 -1.2453150573330594
-0.23439430997676886 1.9703237904178272
0.8044638056592464 1.6818687676833444
0.4308468408869601 -0.2717070613470741
1.0639230182558337 0.7776200572045121
-0.6409908951023083 1.0335532856604723
-0.21120528646303183 -0.010040053217096351
-0.3926186708317373 1.4177566278352345
-1.484009874752353 0.378946697389093
0.05851557216316194 -0.3637316036699736
-2.1248821256728263 1.9856746441521047
1.2266434763824254 -0.6866480892743149
-0.2834348132842825 -0.12942567804730287
0.055820393909037064 -0.06666940607213633
1.234314016850589 -1.361778715044187
-0.34500997660300264 -0.5227795660610287
-0.08049794658143769 0.07631963084241583
0.7891775403954326 0.15749598051749622
-0.16047913538570813 -0.40684064021547567
1.2736621685278624 -0.26140109944480155
-0.4169587786507706 0.9654592879249141
0.3924283964733522 1.6599419387074916
1.196975240970294 -0.6003989812125753
-0.8595578516961399 -0.3165589772518624
-0.21177654173238095 0.6105880252903667
-1.3697394579213018 0.07845219272776408
2.071134386457874 -1.5754359912937674
-0.38910345333390767 -0.3585111525632137
-0.24091904905780995 -1.0150694730387637
-0.9333054410559445 0.4785208417101764
2.839163863126497 -0.10494606266147931
-2.444069908972176 0.6085978473321925
0.45643315458666917 -0.6807869943352185
-1.0368684436322162 0.12227625475399707
0.041189781769824456 0.8591972159477529
0.16026877730087466 0.18058745135140783
0.5915995044877727 0.8187176707566682
0.06670145607989177 0.7454290299837695
0.8125657050255699 -0.6136340610021785
-0.24329416146618696 -0.44042772646684525
0.5649403161023826 0.4751504642000277
-0.7332677606937237 0.9005067015282545
-1.9158758566029837 -1.3370846947823738
0.6604104931523664 -1.1930052944529683
0.3389410221653454 1.0286719992325233
-0.28964963194469645 -0.3064377821931861
-0.2775819190742731 -1.1796127866046167
-1.063856669070348 1.0142388208441977
0.1121394745014287 -0.23952031373761581
1.4303538360697567 0.09480957385498545
1.0480020310763893 -0.0533446051951068
0.546639063453296 1.3579644122495067
0.576570205445465 -0.15203774426388392
0.31955141744432847 0.8057516304320136
-0.6706736791037647 -0.09952122276662954
0.08309829698863908 1.32396178630888
1.528775171808712 -0.7029096624987072
-0.24046124300616678 1.47566382595891
0.4349857691618989 -0.8374195472896823
0.738967770570903 0.6168662872807471
1.1188750629535225 0.8876215271025742
0.7310476760064811 1.2569538605805912
0.5042330395999863 -0.8055006071030472
-0.5774611872760267 0.5364847977737439
-1.2573904153822135 -0.3855663385888739
-2.6428655659055025 -0.8912443671591567
0.49048276164615884 -0.9932750555818723
1.1996745847459847 0.9098804289497899
1.425400613889432 1.2042818644643165
0.6961754680212842 0.6787675542019862
-0.6377675836497185 -2.0614267465150586
-0.17084297286789335 -2.3529315461143665
-0.9716040789558597 -1.3727786909686488
-0.6290899544886495 0.7391036111617784
0.7239524277550035 -0.26481558908590747
1.3355856457872652 0.7018394110951598
0.031396068696203774 0.5530868821376547
0.04980859312192408 -0.9546622507597616
0.079925227647199 0.09633503793774924
2.544682196921554 0.06630213313195465
0.05664811914606826 1.2356227946956917
-1.7878111285736342 -0.4245085524460434
0.06828567880925117 0.36332794302642607
-0.17575021747796565 1.9568276715227602
-1.3487457196457706 1.744492499167317
0.6190672752468558 -1.1826917102872159
0.3444132971604452 0.4984470647942856
0.03550090730140475 2.361848067193443
-0.24963372414956872 -0.42789835736682963
-1.2527714564778367 -0.8168041991307646
-1.268188424824938 -0.020368793805030146
-0.831873658044777 -0.26075964678826785
0.4234251559196081 0.6022532379318822
-0.25313704664094216 -1.1818402176768905
0.315284228663882 -0.5953419013193352
1.8784067172777943 -1.2318776909869837
-1.249222393101391 0.8733606815897388
2.1370730897607215 -0.745529698140186
-0.7634748062987998 0.8182696747368678
-0.6097936279988688 -0.9995353244031921
-0.046564755013679585 0.09382305016541936
0.29591388827671256 -2.025890819120818
0.8446603962397782 0.40907137664206045
0.4973621888836266 -0.05550051578435469
0.1883308804627393 0.5618459080113818
-0.7375849678393613 0.8981850823850033
0.07624981205221046 1.2462189058928073
0.35710619684102696 -0.9922544665063527
-0.5309522170179534 -3.0075433689787245
1.3230798271729878 -0.7884226682903017
0.08291311348546286 -1.2199104461762331
1.1624448206993123 -0.15575578398990056
0.5695572709781387 0.5203593832186459
0.6656100947494259 0.6972621107782199
-0.49106879794136304 0.5159995405794641
0.8548178357451294 0.3810385728467837
0.5089351302844211 -1.8578029952818298
0.5405117622812134 0.023344234938806017
-0.027286214492010956 1.1480932110191167
-0.9807151498129235 0.8553589888261415
2.1138161965193203 -0.20188938076342278
1.0780454769627148 -0.22581165600200392
-1.6316764217272384 -1.3522326604002273
-0.6365419521627829 -1.2444009521062471
0.5418319679111818 -0.030187701737580126
1.4800524880976929 -1.795426939530939
-0.0020592960137324205 0.9761888491294753
-0.7347504259283687 -0.5705221258520128
1.5040960849266138 -1.0822656661226366
0.12726104719957668 0.38845085133579027
-0.10173748142330494 0.4293813882685436
1.3416150017057877 -1.3635476066216277
1.0811263938255247 -1.6121743259897925
0.5962833697618027 0.8225140469995532
0.9093392058294704 -0.6417289016476968
0.6233160232815784 0.6373675714941558
0.39202463653069636 -0.07730311531831063
-0.9519185374467751 0.6944348951793592
-0.820037920202572 -0.4274221157065303
-0.8833177355475872 0.711430914431982
-0.73293469285576 -0.7024316763916625
-0.09601223571238095 0.28616524588208975
-0.38837367663239075 -1.725566618157311
-0.2675313536340704 0.6887186360697624
0.47863868069340587 -1.2692150480898259
0.45007882878955474 -0.5758895237808148
0.8149126232301827 -0.07611542109595111
0.01174230911015652 -0.8573642572103056
0.1908287348141768 0.45042739148867156
1.9084512057197236 -0.1638173826592107
0.24127523424916342 1.098318388783845
-2.5109650127159178 -0.05390273745401015
0.47580394524218805 -0.4568002194490483
-0.0425631763344151 -0.07686955224313334
-0.06289590517624695 -0.5767549641920063
0.8201089570532888 1.1519019746056811
0.32404047280410264 0.8227369293362714
-0.4425989369394545 -0.9017746356358164
-1.4437987518751292 -0.2651336216287299
-0.35433832568418744 -1.3507469487373442
-1.3145859859575146 -1.602049550325036
0.34802877037494473 0.8863455505432943
-0.9677609782494339 -1.237155763920826
-0.8312759046173718 0.4422319727273626
-0.2932862751048294 0.17707438726986388
-2.1081549335697516 -0.4270902412716566
-0.5802970855809919 -0.03686513404976165
-0.1004943371229901 1.245354665849825
-0.7166059444908494 -0.4930587993987914
0.8986203853838285 0.5159815842671538
1.652713606342092 -0.5664824345717782
-0.258248187898745 -0.5901195936313777
0.20503447894178706 -2.7714445520742856
-1.2203408877257476 -0.6483669273809403
0.5931805917484052 0.4507790907975403
-0.6178294853760741 0.6712027348746908
1.6654807270807337 0.6718926681561318
0.20746281295875152 0.2547553067661556
-1.1560580699558165 1.1336329721374667
0.2813007590313059 -1.7687941687186872
0.6187139312896451 0.4559506940918419
1.0678517391074476 0.9169775419271343
0.06725812473376738 1.322730830981388
-0.09743906161327348 1.0369378825765312
-0.5742347124432505 -0.19044704927676984
0.5483528653065317 -0.5224534519558018
-0.10211050671085249 -0.09071823704790925
0.2029670339763116 -0.34224730281410065
-1.3591895621144772 0.18258607437047486
0.007429952650035638 0.1320139176661264
-0.676914165125917 0.5654009120365356
-0.8297241121728632 -0.9311988732117648
1.0019890962427414 -0.7914767037360864
0.819863241737195 -2.394960957121557
1.5351513001039396 1.060412703228862
-0.9109085918369317 -0.5925076564702985
-0.1396955363949706 0.44390914385260527
1.5237394864847293 -1.7264694815288357
1.0446744843663396 0.29440607427593257
-0.646709550408599 -0.07961420165713465
-1.2389899922553311 0.06421945950970885
-1.3214516274383479 -0.5171850269780255
-1.6016815437026248 -1.871776072722734
-0.07472901303517579 -0.7331441911737352
1.4000469749072564 -0.7857289383893737
-0.6812142068981989 0.20725489254932614
-2.159292358244633 0.15143610734982962
-0.18558279798696714 -0.2657546114552128
1.8908530305855187 0.6147184764049411
-1.4490372802337321 0.13655486160422925
-1.9511982530083023 0.06677820664759286
-0.760974453033008 -0.595031076537955
0.3850897881945289 -0.23650938219415646
0.8423318116171185 2.1555070750544276
-1.716007376953424 0.5312158309868421
1.990011307476143 -1.3133207189492264
-1.066182018477068 -1.4034020044695321
0.353545813209167 0.4114601411518603
0.7951008176002538 -0.10262581587108188
0.9201094541936425 1.490787058068142
-0.03253728414106151 1.2452452059234511
1.6331435509137542 -0.31227201166714746
-0.20071854112714513 0.2521647542274669
-0.1003757328782657 -0.2842316032541052
-0.33731504890107755 -0.20220058536047186
0.6628213221404484 0.6165062293537414
-0.5306033564375083 0.3057472745743171
0.4200077184121218 0.49195186111660716
-0.3738395059020651 -0.7330915223443496
-0.04109851118723167 -2.2156433069519093
-0.1749279001052584 -0.05411889721185083
-0.7924003861480522 1.8877219454875505
-1.2449374746391013 2.14937348845092
0.35080175321082097 0.6839237603007887
-1.126624086721609 -0.1449711262539525
0.6120247166391912 -0.3867723770263836
0.665590307457404 0.5484003146789959
1.6353404189013485 -1.0715161874502637
-0.13616655590828713 -1.877280304311301
0.7516701137190873 -0.1668027971268155
0.7036064231959287 0.4189563471861298
-0.5483377478716528 -1.025844395558105
0.9989010946748874 1.6522150684943178
1.024685855109707 -1.232049453933676
1.3263922687493264 0.8789713863746162
1.3667250491691614 0.11271007759104314
0.3096607237783735 -1.437471882536717
1.9773562317087805 1.7390427942596314
-1.0495518161707111 0.6974721697895591
-0.5766677710114472 0.295420998799745
2.6518700414747567 0.2860820813424056
-0.5628600221296629 0.8571297493133291
-0.47937802493841725 -1.431462917518911
0.6992067904365795 0.3801020501824665
1.1225290536327224 0.995764968662218
-0.1708016330515705 -0.1307196922359427
-0.9872746810384222 -0.18364882265686316
-1.413417017847296 -0.23888450934056793
-1.013977417715873 0.2456459060950504
-1.3740520468105955 -0.5336378570114286
-0.7383206574843462 1.7817099647282457
-1.0620108489063012 -2.2362907259261906
-1.9700246876534389 0.8758798275493781
-1.9223326992833811 -0.7972478530373152
-0.029941737692325547 -0.9605912552450516
1.1084909858887741 -0.22740538442309874
-0.9244230870877671 1.1391473017537261
-1.6248569276774534 2.0114101536243014
-1.2134590567795251 1.4621843124147884
-0.016882446412432563 -0.03156959517979065
0.35716941346961667 0.464815954339434
-0.9271949831315477 -0.2251931403068941
0.31691285611102277 1.5909790567328517
0.3752920532122975 0.1697422138151612
-0.4126653154786856 -0.4565538151472143
-2.133842149375726 -0.6041276768176815
0.3160195208789998 -1.3976078017285614
0.4841072155005267 1.8605768331115762
1.0230903932566957 -0.24271027154694413
0.5397705934036592 -0.5736395980411397
-0.37286619061933596 -0.5597280980142646
0.5378987946960897 -1.5127788557314782e-05
2.441634617821255 0.40218897691261285
0.5406060908751565 2.251100326371747
0.19141989482782093 0.07910881383462681
0.3646430107161918 0.2778468639069921
0.9313195557536674 -0.8682626066402853
-0.9448102794789597 0.023268102604068617
0.6589236488163144 1.1516305722670876
0.6139075867744602 1.0018298945875967
-1.5087157533739508 0.5715959356634224
-0.7771790961848491 0.09684695706618425
0.9384671333599168 -0.43005726852937537
0.8740502902503354 0.9597210651622152
-0.23245941262901657 1.9572611122867518
1.5175595080431092 -0.1272738270723082
-0.5338662799927677 -0.7161683072467113
1.8152759736050277 -0.025742618574741676
-1.6858163273810975 0.2884184890737119
0.42173641914351084 -0.04494701307035252
-0.1637710845434531 -0.6382973275936105
-2.647957003567285 -0.9031212765822888
-0.354321949706725 0.020130615527663154
-0.9826127769234275 0.008442098628528726
0.30688508521071994 -1.4342872088489762
0.8735463026827803 -1.2503934395839496
0.9705038532292289 -0.69598512386914
0.8767331039197169 -0.04939337901925562
0.5652131297475721 0.6112663033068791
-1.203789221701218 -0.9052805990479973
-0.6178919425081413 -0.4213438876687153
0.20959808971369095 -1.1422877475119815
0.196809581405171 -0.7886614627775705
0.0028984276403895563 1.079992902477364
1.5485738382832481 -1.474213915158322
-0.4329295897234828 -0.20526472839851417
-1.5756263484215363 -0.5688667598833717
0.38635960512036516 0.15108635429572084
-1.5403173707603783 1.0652950433177444
-1.3047320877204662 0.2530816264617817
0.34622706417097204 0.11735431516410336
0.4074664660803786 0.09716408245569785
-0.6092746322262239 -0.04910605429154424
1.9012272031260598 -0.5705479318344895
-0.5856963665699125 -1.0317033545220091
1.2862760853809658 1.2059802368836816
-0.661136779507182 0.08373035463406958
-0.8620158227004625 -0.07981104940992276
0.5861102522169439 -0.9580450190087116
1.1403733444860853 -0.9146405646495973
0.010215742113943584 0.9234574546121458
-0.011976084162927907 -0.07396465719369244
0.16339168926543046 -0.9940509432375689
0.03873985262286014 0.3636833473000558
-0.14544918642324894 0.2553031550429438
1.9307350663030023 0.605144717939646
1.2945666068360935 -0.757156227186881
-0.336816459140571 0.09015303234264738
-0.9857887900697754 0.40665231629829734
0.06535612789285504 -0.43732683486711943
-0.3170912895819503 -0.0640915682491732
1.3621724796762869 -1.040285716264849
-0.7609605672592543 -0.7115563103877839
-0.6310363433674714 0.8675438904324163
0.6057908164838287 1.0250311438454942
-0.06174830215689105 0.09226841030556344
-1.6098636199457323 1.3470055266779881
1.140743173720013 0.7141049965918033
1.2517621575958406 -1.2946276016218485
-0.9086210307067757 0.8826680801516155
-0.5393149828397633 0.8871289070969955
-0.0553891993189775 -1.173383964009947
1.2110982167219013 0.23286905587301654
0.18704432452373362 0.09054470363204681
0.6183070296168296 -0.695811592697937
1.3683110452577696 1.0071748518740857
-0.5837249108309209 -0.973360365378144
0.7329774131690358 -0.4087339028040485
-0.03789492730848442 0.8056085701697593
0.5904542219552029 -0.09368972692634323
-0.17310600754665828 -0.30619844731463847
0.8875993474729039 0.9693698797375851
0.9809036221293707 0.051084474885095946
-1.2668619995986774 -1.259166448188262
-0.28178791855760515 -1.390790318945226
-0.31746858849520176 0.1632398305191261
0.25145871192465197 -2.122301113322073
0.4780307506738615 0.4048409652882467
2.0770879958504955 0.8717687399521783
0.052352794832187806 -1.2421803546507726
-0.053269056876474305 0.8549443529391568
-0.1366781523280262 -0.7714222382377804
1.5735526678921208 0.5536318640851293
1.1957554266969068 -1.6866673220263027
0.84275647398234 0.819995829183899
1.4157889882762957 0.435444783087941
0.06216761745502087 0.26644306232383924
0.24353870192100946 -1.4149653880918096
-0.9773531543126924 0.5044680589431615
0.7147274360981832 0.15616725041904403
0.14074617070456835 1.5269998819715556
-2.286415216254791 0.7711283508540927
0.22966086916929906 -2.3418122006497444
0.7590428695672184 0.19423427954979694
-0.7624799550170378 0.43810113827938907
1.8899616216971227 -0.05471301416032766
-0.16878069175031019 1.8701648315237283
-0.10653668387273713 0.4164300347802005
-0.10288876650196332 -1.431404429078718
-0.6291202781104728 0.39412875109861106
1.1487683223483884 -1.4684706485458776
0.6723822657860425 -2.0526144489949942
1.3776024968204557 -0.11014558900703852
-0.8757491337484539 0.17846821501311855
-0.3093438119088312 0.5390711798903742
0.16918057258211688 1.1103887126904504
-0.3349722392783439 -0.7490523966543389
0.6370720344340854 1.1452813777000967
0.31993317293362 -0.06365123024763686
2.285376735943852 1.5169204402849288
0.34589674393738307 -1.4614044334167622
2.0495221357188798 0.03635090230786802
-0.5220350145203451 0.7622063460031352
-0.627874616951335 -0.38192260394281796
-0.7128933352874662 -0.8701905129660469
-1.4368005640406074 -1.279436323822377
0.9730281485314545 1.0965575157167498
0.4007265419348671 0.21021883915942352
0.0595300146417986 0.7751148707465763
-0.93992437875406 0.6226060940572303
0.7404281427866364 1.8355080314779906
-0.113870849845238 0.340426080730291
-0.02582497597555828 -0.6898869759737434
-0.9489100804698402 -0.5625879697835853
1.0028794379719466 0.9485413475443195
-0.28552353601063296 0.39912758424357936
0.580785096967032 2.0688166658242295
-0.9205079700080189 -0.09971629277611545
-0.4279674776694623 0.8358557232992219
-2.0013065268472796 -1.0248827490419443
0.45446108691207726 0.183850655116575
0.5114499372794468 0.4964685531881909
1.0100912547373484 -0.10319474971207755
-1.548270423753187 0.07877252552430512
1.2309318082672722 -2.1220904037791724
-1.5484856642768001 0.40310442235111144
0.4813016832426372 -0.07707115910160382
1.113897985969089 -0.2053569995603638
-0.8078437427710948 -1.307204043634029
-0.8800202318456868 1.3886703030264895
1.9991123689617418 -1.6477351116822738
-0.0858380761865158 1.315750844077581
-0.9410594313144564 -0.6280149240765347
0.7751241237181441 -0.7261828931307334
0.6351969511234555 -0.6458507786403217
0.02049419124126065 -0.8904571070791922
0.529666544362945 -0.8136109717403749
1.0195941787119174 0.38751455103835614
-1.0980327408335053 0.4498880422737205
-1.0611104705956464 -0.7282234703761002
-2.5348755326307906 0.05191176570685418
0.11855579462506027 -2.3670670586605773
0.1470654433180103 0.1861546230270763
-0.6568158839825896 -1.618775145726032
1.5250803718691068 -0.8514038400499426
-0.7305244691658986 1.9159657607335279
-0.3252560976665261 -0.44971261591263606
0.2919149347320449 0.8507604909326377
-0.09158759495403286 0.5310942941452523
-0.4753014835131364 1.3818756965883945
0.2725243870597687 1.1641782246337342
0.12309493070757835 -0.7245720965086323
0.08322606617368139 -0.8115874826374617
-0.3559588549942006 0.633320538249755
0.08145794138778559 -0.24550183955709096
-0.47518031481438355 -0.8236957874890662
-0.19435206067162097 0.5287178904223744
0.43522819601289164 2.083429536903223
-2.0268737145102533 0.24694110822202622
1.118180183020781 0.5139281406344458
0.1264865723017104 -0.575760947188406
-0.1449689166204249 -0.39145169268914326
0.5797960120498397 -0.26060630796564416
-0.15066688730025604 1.2796815922768423
1.8349627470143621 -0.6869343788471101
0.5340918940580155 -1.6036423437392824
-0.01648472880400126 -0.10014984857335874
-0.06794357258891662 -0.9435471672086301
0.34721373593743154 -0.5105320592917502
-0.8167770467734474 -0.09080093666411267
0.7820014630741876 0.8468537218160251
-1.678707597028235 0.6335375771641428
-1.0292683028570009 -0.7455853023965522
0.9054142282404549 1.21385219439255
1.0075541405971973 0.9555675846501774
-0.8814665797496195 1.3302225551246027
0.008778235782653732 0.15920446845233063
0.6674001976205395 -0.9692873250002971
0.7522963379219058 0.006607892934409962
0.857491145176262 1.0844088892714983
0.9108000472223878 0.45677343025396916
0.6547842722518915 1.1781381857227957
-0.47744320371912585 0.8862963973570899
-1.579747016733601 -0.9909813041579334
1.506052532585643 1.9593118402630334
-0.6016115301093008 -1.3829695792271381
-0.5260371142916231 0.42079502057863505
0.22339554319327687 -0.41390583347789944
-1.3107269939012498 0.6190536643444262
-0.7219549685045114 -0.17536416354420642
0.7399620159953845 1.3227142816448358
-0.29266691655534177 0.04397198004274919
0.14111522760048598 0.1029999610140683
-1.5795162343651172 -0.26611197819731924
0.16162811169833105 0.9246990723860321
-0.5506210415047977 -0.014002937993199481
-0.03641427809898952 2.8790575063741777
-0.6332620427882468 -0.04412446835938776
0.1146033361206319 1.7781367278982223
-0.6521392937858208 0.3501499691589935
-0.769235196642086 -1.9147225238064303
1.0878450604676775 -0.4650543650493807
-0.6790882291939172 0.09367404966253928
1.3459881993568001 -0.8902409929686939
0.28912665294247963 0.7964983839007189
-0.46631149644017994 0.29676356584140723
-0.19303973413232794 1.9909202114489917
1.4529873001924039 0.5672582931962055
-0.08783617128891126 0.9030836442943054
0.060371698889342656 -1.5949414553225267
0.4769000225203881 -0.361332220540078
0.01951375250986593 -0.025452415274389465
0.1331098676426605 0.40585958173046166
1.3966988610825926 2.018621350410936
-0.8929568222695279 -1.334809934861034
1.079228413884931 -0.03635949550072086
-0.9936901839084692 0.14797180803154425
-1.0308065187268747 -0.7475185082515506
-1.2430620149866745 0.3972289346847798
0.044644663195124126 -1.240183900202846
-0.19541219606744525 0.6624063451817775
0.16295413975981937 0.8030584283676553
-1.1805309523526417 1.294002853176399
0.18360645776437767 -0.41777273100897516
0.4075170987665142 0.007817690594782822
-0.941062136303299 -0.6297942204896921
-1.0402434857847704 -0.3930580787885942
0.3883082230795176 0.3676554969465617
-0.8415245168924876 -0.8717350862448568
0.5426029507171124 0.6222319081714666
-1.9673419428434182 0.9722061583830508
-0.1239110953827848 1.987589256045383
1.1333677156949966 1.1990717936144826
-0.8417091999254214 -2.0978031138698983
0.3399997925822746 0.5053762603603903
1.6386409851939012 -0.5599123623023441
-1.5259845705590998 1.2612091475850993
-0.9308465706606048 0.6598703650375317
1.5670758123220048 -0.4511984859733233
0.2975819655475037 0.24821965091593057
0.588271598112618 0.46917479381103544
-0.28464210992828526 -1.6150002026633308
1.0236175776550385 0.17956210117023116
-0.7385852115239375 1.4671053281789252
0.6792268232167564 -0.9697320386573992
2.7436411557743585 -0.7888290922061306
1.9463504032797296 0.25034820004368974
-0.5983001372967972 -0.05616778297421397
1.3425361325050456 0.25055367205747003
0.5633418167383087 1.5111415899100673
-0.38441887277276354 1.1731565649602849
0.5884488251736307 -0.012667020057327897
-0.36044799042623876 0.7286309923117729
-0.4292324334645967 -0.3416024604827194
1.6119333311055626 -0.20507238620496998
0.30009893775646707 0.07565831900880056
1.088572548814132 0.46573551318903333
0.3075952780778314 -0.4465406946193608
-0.1691609490098167 0.21237220741501844
0.025024896123404902 -0.09408220823017424
0.8991352179664756 0.6775000894496883
0.14089746391451405 1.7465760145094489
1.609869478024244 -0.5226692983265047
-1.854464649262975 0.25055271240620686
-0.5087552781910281 1.5586020974075403
-0.2410037005789999 -0.23033310809881413
-0.699483040166192 0.8652063498710414
0.7720482678942868 -0.9627500273623665
0.9270074461977613 2.6377008825110395
0.05414997298565272 -0.28260570568750104
0.24475586159014162 0.5529458977352923
-1.2182769812168244 -2.0946248289077016
1.012757014914266 1.2730661155460312
0.49764387561703116 0.3583783935857043
0.08250592117401856 -1.2290695868302977
0.9187856038444048 -0.16728640346328405
-0.9089170715755598 -0.4808591975617377
-0.19400208732237573 -0.7264558670571053
1.404318876642193 -0.436471949009896
-2.0842557851165426 -0.25189430960431325
1.2468532356328395 1.2289520344421694
-0.9396349703823734 0.2896542454071444
1.1429653971703575 1.2767982650186473
0.7880938505022875 0.14383353774207203
-0.5332041274384659 1.3796093491321886
1.2527601255147993 0.0043237553956391415
-0.7375761287125963 -0.8957310198632469
-0.4720796149405847 -0.7471088893873112
-1.5580203335605116 -1.030585733367229
0.25741637855094457 0.8237885832024286
0.4768603125416987 -0.7111281406976759
-0.7730008716146373 0.3044798413378539
-0.5132215490644095 -0.954222808518713
-0.8174114954428152 0.03726534721484671
-1.571775044408819 0.7528450015213095
-1.2778458771847365 2.9842228593451625
1.2589873256569106 -0.051100479103419215
0.0628481239316363 0.03510221603813887
-0.5138910192905602 -1.0982065951481879
-0.3395384132869159 -0.6495364523023086
-0.33263091656705246 -0.15050832744929923
0.13498475552125797 0.8379988768612777
1.0086334724841288 0.6433673240672518
-1.1860773313497985 0.9975534744871968
-1.2515387829427331 0.887079162815662
-0.06987594936727723 -0.21434324507937946
0.4577976114308481 -1.037581004924209
0.7028027388742392 0.7248624333177076
1.3457183417390923 1.8727114987418634
-0.47798216086654416 -0.5114603099887216
0.8885644598897204 0.7344049677841636
-1.7605520617457804 -0.1673283067660657
0.8295818672803829 1.4752263593355823
1.376579422287545 -0.3191070111070473
0.1067207294627981 -1.4073119316512677
-0.44428449478049603 -0.5120032070879826
0.2176707636339909 -1.6163011209906404
0.565096501438901 -1.5318388822369216
-2.4286062184145027 3.1685439825504136
2.0599513430147507 -0.3440580576893972
0.36751948928611794 -0.4087589962873137
0.5031670833474424 -1.3611398479828765
-1.6048745327178646 1.257692689351476
-1.2448846087553385 1.7265451760127728
-2.0197974283028195 2.192881284989975
-0.2689326845185232 -0.2003910422777638
0.15226120932096296 -2.022763395281597
0.33455197323299385 1.1669108967406319
0.7370676275994266 -0.9486803009191775
-0.5315957695457169 0.1173148484346864
-1.0026735393993094 1.1852425724305502
-0.740586833246915 1.2106301909551347
0.24136205627369903 -1.007051744894566
-1.630648230540247 -0.3490499012533824
-0.1413028478592504 -0.2470533885994417
-1.067432788182087 -1.1170153941445538
-0.5791882114836756 -0.9050022671878928
0.3192951545540543 -0.7064778720178527
-1.3607119036124928 0.5433440209233394
1.570757679021523 0.2603839786011449
0.886490163084272 -0.7429034055630674
-1.358035917922692 -0.2757767751704351
-2.271179779707704 1.504541928200927
-1.392169051677112 -1.0015148337581479
-0.07867607297623917 -0.8757893890791986
0.1435919795226587 0.07320105277078845
0.6244559371719464 0.24842638634452854
-0.5279443314532343 0.7902134009012479
0.26248387283050695 0.2133431361433116
0.12410902367731035 0.5389512653961748
-0.9494390834750722 2.565142588732824
-0.6931193822108922 1.2594068757449428
-0.46906865707308787 -0.9342313823616064
-2.4232891717795253 -0.877026891803487
2.51063594486239 -0.1956061284506851
0.5326058081860038 0.1647275499161912
1.949284018778183 1.2239039537512109
-0.4642136352576009 0.3384699480734677
-1.126350435630536 0.14529022342742878
-0.6471753368691565 0.06624746135009511
-0.5500802820624296 1.981837201041673
1.0864739674018622 -0.5972403045229288
-0.22745292015446802 2.634194574830145
-0.9552132904052701 -1.1540237142752567
0.051228566659821353 -0.03016280806730021
-0.4015152971240694 -1.2677173076329697
-0.6115782112863434 0.610099541985691
-1.9516959171773158 1.1151274584778723
-0.6571698713988082 0.4937982340040673
0.1718663035577302 -0.6758700541545584
-0.14485223183685658 -1.88401153836384
0.6725001412781854 -0.3434706679231757
1.5121455818349336 -0.16932765482824041
0.8556590315843403 0.30141305419752945
-0.5179397600392828 -0.9579576023205497
0.2546324369403522 0.5428060334000997
0.7322389936181894 -1.0192704868323132
-0.9719866274749028 0.22699188675009688
-0.8298382481581227 -1.108905152228219
0.5558025243080735 0.518752060099185
-0.17578654589948922 0.35971047224870434
2.189793442527011 -0.3359655819030941
-0.6405999387935627 -0.19555207699262983
-0.3392811695983113 1.1197655626132197
0.444700929910632 0.660757190289521
-0.7173137192507328 1.0541526964572956
-1.8912666475987943 1.6073607588680852
1.7464258962769938 -1.040932975001613
0.6299953107391967 -0.31289998126448026
-0.9258738687974706 -0.011118345940917372
0.01881858049592084 1.328643146874415
1.2635594343939827 0.17496793204285674
-0.18308828730673843 0.6192360469964883
-0.6074214716986207 1.1805079610878861
-0.9818361477901479 -1.1863754939537776
-1.4358005342952913 1.9466688767495635
-1.438654189015214 1.3675964929446094
0.5134653928555173 0.1002287836773332
0.9967399985363249 1.1596496154859581
1.5387663294514389 0.7269964209468767
0.8514152055626764 -0.42662641946204055
-0.3718095512891668 -0.06430802289400955
0.5265687913437684 0.6647042146363259
-0.47303829780857776 -0.5632427981197986
1.1330833736617367 -0.8428839149181476
-0.29244204063332296 1.093565053911869
-0.3471694350297382 0.7285941695926123
-0.28999427342030293 0.8334635951865081
0.4354957374451299 -0.6329719714115956
1.1114099702312092 -0.6521420356983696
1.165329405374176 0.1313490686571976
0.6384041672197565 -1.5049201651630575
0.36123338558416296 0.7379076844007897
1.4467519372294804 0.3987411915907752
1.0886629069303355 -0.15513699169638404
-0.9199422974040072 1.9284674875669483
1.235548309132584 3.109415848347005
-0.19849847324524436 0.15726246361074483
1.2642767991350121 1.3258935063977195
0.9980626771114864 0.1648204449344608
-1.487382465837449 -1.313710774923326
0.4807464560994599 -1.153409568511552
-0.6872278816595342 2.0338086969503233
3.410340435020181 -0.1433951697277082
0.450635887158465 0.17265076969781015
0.7914284216570745 -0.43606026621720034
0.4509158187903151 1.6115358128415127
1.1941074652692936 -1.9551309199227065
0.39347966823579406 -0.1414758948444362
1.2718511886630381 -1.240916454717824
0.7985732466672482 -0.4626116121007867
-1.2764981780531948 0.207475734462523
-1.0091365878155305 0.3675332346942425
-0.3207615229086236 -0.3255573791586174
0.009341543488596228 -0.6139850744915856
-1.1646553312678725 -1.0384513706406286
1.0911212017822827 1.0260559854787883
-1.3196301114036073 -0.5635389907344329
0.021085410424477945 1.120234141501329
-0.9430556363693982 -0.4567513456917286
-0.08360098427832124 0.3626426909160998
0.07897124639217208 0.18813952103262108
0.7382344494833696 -0.6898368915157274
0.2768014171250964 -0.1626624452452519
0.9077488994702141 -0.7002914385286305
-1.1718914337508484 1.5755572354830014
-1.5607980201591996 1.256191132306807
-1.236755317735548 0.9283942600501908
-0.3017661593434664 0.6997874649156094
-0.5738084327026166 1.8299168261389438
0.6327008521009623 -0.27993479951573513
0.03052024714019792 -0.5437127926267824
-0.38954466302348684 -0.26204730592261277
1.2535113811760659 -1.1320962523685334
-0.46994645342605906 -0.2922249848207584
0.5624678198419817 -1.1486014348448819
1.672622169983408 2.5008254866541746
0.7616820576462485 -1.0222074084930175
0.3488842770931994 -0.2804884644590874
0.8721555360423606 -0.4871099053809167
0.08274524962957999 1.0538604776240936
2.0812595293628653 0.9235486314403026
1.644024796452685 0.27291270273343654
-0.11742065183639035 -0.6005589749535627
-0.9226068911622941 -1.41017876609704
0.11862728523574811 0.8080781983074706
-0.9065924096151201 -0.7163443894515956
0.30408538146680547 -1.5662438273116088
-0.7025865798881747 -2.1521873152538427
-0.2424052074050841 -0.3994974846541959
0.40961950017103543 2.0802174634140154
0.036637798568931235 -0.18844034304210006
1.495333653353703 0.12822391846346243
1.2409551568634536 -1.624251193528683
-0.2272174332968679 0.15987196178363233
1.2707436354090225 -0.050926151088888545
0.4887160167838377 1.4035910508633385
-0.6196496687266744 -0.8125997550601537
-1.473839444582466 1.4164981127573997
-1.279428838816616 -1.4922634775855514
-1.5770389673869056 -1.5355883779461692
-0.07865548064963064 -2.3710451417765768
-0.5732010545116627 -1.574789883367599
-1.1276103477122588 0.2679804796965439
0.3058360241108727 1.540814319321707
-0.40934665493549965 0.035823302619090655
0.23281623338526952 1.4497319424500994
-0.005738461119011668 -2.028734386687946
1.3560059959319721 -1.9878453877045035
0.16024185664229623 -0.31985841221667094
0.29877990214279765 0.10352433443152703
-1.8622139874597115 -0.19032781642419533
-0.7132457536653161 -0.6858422074250938
0.48983733480889186 -1.4947879989755521
-1.8090513886462503 0.9703059759591072
-1.0128831993952745 1.7995714508831133
-1.7664846030947692 -0.46801896216574207
-0.890421322964961 -0.6140404061029476
-0.6863884740922925 -0.0006797507349763407
0.023129160416448902 -0.9504626841846631
0.4833715285108443 0.2582199777108679
-0.4803522419231215 -0.3659692368476678
-1.0828370853728337 -1.9238871081660966
-1.2949037299484416 0.19815584914258247
0.45952921157333027 0.33767834804033126
0.03623523519747856 0.4422548170799177
-0.047644170808916586 -1.8996945331610007
0.7659909440376025 1.1513142226631377
-1.247061579399528 0.9414757513474054
0.33402518988181185 -0.8082398679381397
-0.30730952493011215 0.21604463143683453
0.9752564763777696 0.9342989907439985
-1.3312025466068613 0.6157774731218694
0.23074437915052737 -0.27633916638820866
-1.351964605368153 3.176110648597428
-0.760195506822714 0.9388472134499489
-0.4781753551324245 0.8964818224147894
-0.06708905290738876 -0.5898318976550957
0.5009332417891754 0.42287448464166427
-1.2728757768392127 2.3483508007533374
0.028678457019521875 1.9558836151873502
0.1787981716297736 -0.7392542157839502
2.804645384126142 0.46371297949781654
0.8883588951965745 0.7380881403472628
-0.18206694159175063 -1.4296535664517684
-0.8760523097250594 -1.5199487829910112
1.6504628837289266 0.41583954139390245
-0.796151875472655 -0.5954243917653156
1.679966207018467 -1.190944817137039
0.18544223862045775 0.3190527851701707
-1.138068362673119 0.6279951616041434
-0.11443864789241173 -3.028320277115367
-1.5880087753296281 0.41859688040909204
2.547261584566204 0.45464674552676376
-0.9235696441611355 -0.5836610433869927
0.07935491654537023 -0.8176485864534365
-2.0541631069065165 -0.3582635863232219
0.21154018442668276 0.2539775811430896
0.20922665348678854 0.10217930729824685
-0.9292049503611937 -0.7593944286385242
-0.3168842049691256 -0.4779399506658191
-1.554021299323053 -0.8088724865739046
