2.308899345895815 -0.013795187226563576
1.2758349562870004 -0.15935545390489067
-0.5917525720139984 -0.641067270484433
0.44132442616535017 -2.1854682939744974
-0.14718318102769906 -0.25255530924526354
0.21593937944906702 0.8403880888303158
-1.7039495122538166 -2.1272014576203824
-0.40967948385876185 -2.5168073921292944
-0.5750708991137486 -0.16129297000947607
0.417217017004894 -0.20653608048839062
1.4052871228112271 0.28161608301319524
-1.0930440417495364 0.25649604861361464
0.00403150875275312 0.9573074191518363
0.2557235118318551 -0.12974708556599054
-0.09819747861104092 0.876243493266681
0.7547322995190073 0.8644053225693789
0.24335714123998647 1.3304436197659288
-0.0672129958887835 0.7639274386076315
-0.6546783398419415 0.1478418141484888
-0.8034571875244904 -0.5636038843321166
1.096029593038301 -0.1831390682982579
1.673212423037343 -0.5644092598035136
0.41669808466681557 -1.6275252631582249
-0.14941652555828025 0.6700617006138112
-0.9639277356406114 -0.3181697185227909
-0.5544182488170265 -0.8164813967801978
0.4423070157787388 0.40861948231315987
0.6029669675187393 2.2301670961628095
-0.9503856063557201 -0.5459488025044349
-0.8087790049261833 0.1749977201346396
-0.2152552805277451 1.8699289554525957
-0.9791808133077623 0.11479002274882252
1.2393330516495384 -0.15815091602794779
-1.881198948869939 0.5534648906167713
1.0747892184629024 -0.09859279903099263
1.273138658844545 -0.9698594317638766
-0.5994611583400499 -1.5336507513919861
0.34558581429765306 2.543664503280304
-0.6205980455285152 -0.6526452888557737
-1.6048214427711038 0.8329437172570612
-0.8838634280765062 0.8009113807627815
0.5003229878401788 -0.45054514924102357
-0.318511592643076 0.22455709540768573
-1.58610481956216 -1.6438100383033198
-0.1546387166412497 -0.115579409881108
-1.723070703422696 -0.2849040283063474
1.2623691757106146 0.9941236275195756
0.35189350567929334 0.8632629347375054
-1.915121080728257 1.0418380679903676
-0.25668449272757354 -1.7495527312804244
-0.12472188606802527 -0.23592983194989414
1.130613257608089 0.5563296048018962
-1.71902331305017 -0.7996859912328941
0.6178070947544773 -0.994062257236824
-0.521555619443921 -0.04032226462359854
-0.9575885703745415 -0.6675797958497643
-1.742822149189643 0.31089015621377636
0.8674035469848995 0.7972094761409504
-0.4823699907574568 -0.5041064143055606
-1.976695135127322 0.5038806218340144
-2.7282749795348713 0.8878825573570702
-1.232340824215885 0.9938779316561468
0.7853390273468165 0.02263990290287968
1.4560109216603105 0.4320924571747095
0.013657460661749318 0.6390310997638433
-0.3123240751053637 -0.29203129727929666
0.9320494483301319 -0.1347887792421557
1.4249682697876174 0.1273134164634858
-0.0073876395714610995 0.37645632050870914
0.7206588621557768 0.6533322195173354
-1.4750004892020288 1.9051950711507946
0.3821104361194266 0.032168790143900984
0.49987926682776446 1.853650279540736
1.9381789746494258 1.1918482545730584
1.24467489950975 0.006029306290367038
0.5290141279880131 -0.16156420779161668
0.324131146653428 -0.15057196741277779
0.7927592349234358 0.5102845697058968
-2.05723138832197 1.0619622083095162
0.04769960249802477 1.1341221715801062
0.8137877691827777 -0.9204248006633046
-1.4790659019314825 -0.2751991592554862
-1.3325489568401914 -0.45773118748651104
-2.9094170076577783 -1.1577170404584185
-0.06874605910017553 0.43539080608880637
0.8487935881279673 -1.8977528235456536
2.2230787756871115 0.9061165816576315
-0.7537466043090215 -1.9926651450426143
-0.6650468799445463 0.5858044831663235
1.6156451530295397 0.356458920356505
0.7425860801676436 -0.1738475641355413
0.2493152245042076 2.656189227086725
0.06210248549316813 1.114001268144634
-1.7768475177305785 -0.2644210387077038
-0.25048120933876944 0.7356371816522923
-1.5748265529086236 -1.7328734607138687
0.05344204150238024 1.353807770370763
0.10063540744570625 -0.7983847082880382
1.5813732905654683 -1.3242958309073496
-0.6140338913978931 -1.8956938436644104
0.5449400309295092 -0.6404313732197953
1.1351090157419592 -1.4976691557750132
-0.7231820166173748 -0.5330056061242516
0.9239135672465195 1.0476911796521562
1.068967888317661 -0.3956953752366916
1.7595556632951224 -0.06140029126244275
0.2368271201615136 -0.7793874605830524
0.7342511911008015 -0.28223364480539104
2.012738816266907 -0.5077665538210439
0.5384252657293132 1.2618090190922164
0.5740197477519158 1.6329731198204946
0.28061214559828296 0.9595645198761952
-1.1322663577001464 -1.455247211828033
-1.8920541561924127 -0.5203329156190817
-0.4218244324165599 -0.9413017993974283
-1.1812361756729093 0.3610032638056186
-1.3465617749126984 0.7184320007651492
-0.15783780030065606 -1.4653789741845293
0.08383075682883577 2.07498211344858
0.6018945544237717 -0.17647687921244848
-0.1242500600611684 0.10098822589545799
-0.23411795964800342 -0.5719820379119044
-0.1164187205487353 -0.04244524363843905
1.4795976902731531 0.15708618790316284
-0.687892081187137 -1.276551994236563
1.0092230974692822 0.008586358487558841
-1.6410947466588588 -0.768728292899044
-0.6066234505524642 1.785128418957816
0.7841016235776351 -0.8066154309089676
-1.6109870946115477 1.7597773373794718
0.6800206587357518 2.1589538265103054
-0.3610926251556809 0.3783832830028435
0.47519723900973293 0.12381569429040043
-0.5697879515304944 0.5511047539781385
0.47826004307026027 -0.5296602593202245
1.4818251561735287 -0.8381485134567901
-0.7894972560076661 -1.88532411144504
-0.7491378202361847 0.8467627473427983
0.33108657380084894 0.6982094787584439
-0.30604201240693946 0.7228782331602922
1.8150501867157822 1.3671294969523702
-0.5466072240573233 -0.6938220497392976
0.10230181646757149 -0.1785248721808317
1.6867845382348663 -1.347383910746563
1.8437629484112572 -1.0887990272636738
-1.0432004222214557 -0.7753977285273491
-1.3335363345355238 -0.9364203719616979
0.5569801612747807 -0.5011598190259012
0.6084189018803324 -1.2314508108426812
-1.590918945687111 0.31010796223401643
-0.20326599605359005 0.4674549003492451
-0.7105911676245632 0.07018315135386158
0.7792183035185886 -0.13979883173727997
-1.0735512950996076 -2.1905949488006136
-0.9940511380979158 0.6627557022867709
0.8369165665606965 0.7441305339287089
-0.5877661559426585 1.3604635345459417
-0.2616676314488272 -0.9257322499139722
0.994836730473933 0.28873562869801017
-1.6836963192536087 1.0432734918999067
-1.294581856515786 0.006508696810008727
0.44370745540021 -0.3466979000642674
0.4930315207975179 0.2391110109756731
0.1373740967566224 0.22314795211635463
2.289539063705553 -0.41547408529994434
0.24324924530570405 -0.3858343417904288
-0.26959742167092254 0.2583055038551147
0.6930301293204504 0.21858121269245118
-0.22971145929530556 -0.6776939815300619
-0.6502717406488294 0.22318943951993442
0.23981613317655995 -1.8479160037675302
-1.6350099048867566 -0.02566672143997116
0.694384921989372 0.22873017042864469
1.3800687429557745 0.3546553617807746
0.15034512627527205 1.1967174324700203
0.06520818768664514 2.244664265409928
-1.8082478770436021 0.5597295678029042
-0.9610780214752339 1.8589053507666196
-0.9373332543329216 -2.3847646426593467
-1.2006159018120646 1.7007801094338884
-0.4663088368640834 0.4115682963434635
0.3236761459967517 1.016854180196913
-0.02483328155262228 -0.9950001229844951
-0.3502139474993531 0.5292235182121722
-0.050974266875967615 -0.0502614319162901
-0.6106082021869158 -1.1378677068251224
-2.512333240136043 0.8548986230169575
-1.2233460042183901 2.3292391342634318
-0.8192865674736961 -0.427817572839185
-0.051494630294808476 -2.1324966196947615
0.09369356937352226 0.01710936989155831
0.2556879295243084 -0.4771027845948811
0.11026808808154505 -0.6774289965585595
0.014929446241600378 0.8105519963472757
0.45168338208624714 -0.5258194678285643
-2.208725498418434 0.9783676644011126
0.7893338724975033 0.5708174317913083
0.34247954227328015 -0.7590880751319444
1.0208318277720945 -0.9316028521528752
-0.2198841270569121 0.7013771500760102
0.3906502071375847 1.9536978175360384
0.22443808766549417 -1.1391227778270092
-0.3523309084437568 1.3114466492962942
-1.018701588465489 -0.28731975616589156
-1.6312804129884448 0.6761915561235717
-0.11148950764381421 0.927903687303786
2.094775677165911 0.5823829482142757
-0.6418921108716723 -0.5612181383142653
-0.5051959526203428 -1.0172482112789505
0.7003226895039972 1.2484054113196736
0.16133453056463243 2.1394634697266737
1.0333446775155402 -0.3538570243143961
0.6698662047291801 -0.3902457859919062
-0.14963206756127187 1.5750147390199063
1.9331963869868072 0.9810399843575358
-1.429618021982822 0.6191023039425616
-0.7009415751748013 0.51564419619059
0.560507827017406 -0.3029015074605922
0.6967639386318711 1.3843716085033118
1.1143977435831418 1.4792167634513471
-0.9193367264859258 0.011832107838125145
1.2493972968381355 0.3004799475698415
-0.35761944850370586 -0.7483896306362801
0.05740890360673717 1.382974672038026
-0.9956459148642447 -0.10407906446986179
-0.08547611445605383 0.6147531276156074
-0.49013499516139736 -0.502596588199166
-0.43683457572150597 -1.6587732693650024
-0.4969525349917043 -2.1277256555887503
-0.929824255500916 1.1140556243187625
0.22527810265782605 -0.4530128956424129
-0.04280706994169941 -0.6120481254083332
0.7392941357689933 0.38376990264370686
1.2815703204220812 -0.3176311402494072
-0.30198442711306706 0.6879094792921797
0.39901020439001866 0.7939343205572438
-0.3458562783323754 -0.8422872875423203
-0.5744352722161352 -2.1239177557250954
-0.4525951700712127 1.8922054037014198
2.339823080008473 -1.2388530812912222
0.3352935404845762 0.32951195836866154
-0.7921661499104767 1.5454112901184
0.9160746462179141 0.8348049125447554
1.3138574566094776 -0.5098888066342436
0.32324563598429734 -0.7821255264463981
-1.0474256358173417 0.9514258410388448
0.40592769773241566 -0.9647232355022513
-0.05358986685194871 -0.23120261931953245
-0.9247778474272083 -1.3300927987023943
0.41096723993699136 -0.054251493034267066
0.8060620068657481 0.16972093835087856
-0.13111767584691653 -1.9997870885159452
-1.8299354037517173 0.9479851329456259
0.43251093657285844 -0.8024462500039351
-0.6605416297257539 -0.02931077148815964
0.4208577439112729 -1.1933341554002976
0.15878749068999026 -1.2161219343524996
0.02328421976870257 0.643091735117628
-1.360976917276403 -0.2647152698992794
-0.3482449880486841 1.4252810643727067
-0.008583341795711111 -1.463000464660707
-2.351455877506492 0.48133493893093904
-0.011243881527594247 1.2942587394312233
-1.4342052397919833 0.9638508538230715
-0.10398513523610424 -1.39111129829224
-0.43144226965863386 -0.8022139679035878
1.801312294726089 -0.02908736275338294
1.1838431962798894 1.7786042535973068
-1.178535245086673 -0.31395523101654427
-0.03936716241019745 -0.04759667935529146
-0.19314937332950766 0.4424850592679398
-0.9678603040585361 0.18790351821767823
0.8087646096710328 -0.03462858109586011
-0.45662597533144905 -1.4115464570194531
-0.07295791880270373 -0.4890216745742461
-0.033788172453762 1.3786119688797878
0.9428980597798848 -0.013407767769895005
1.3995108692626608 0.5001449595408077
-1.3880345289194738 0.1538141705542059
1.3006646716685726 0.4803841492763228
0.432873580422555 2.06629454656181
1.9356455226425866 0.8753891200719686
0.9693245366895981 1.0012174380350987
-0.5020359811487443 0.04748499086433446
2.714377153761759 -1.4198994196986832
0.07498177815558581 0.014838815941117849
-0.3959963121248343 0.9934291255135783
0.4358115092893992 0.6886524153501049
-0.7110051055598061 0.05558013308371464
0.1981106426798421 -1.4852196660211583
0.4178851804333966 -0.962715570754468
1.5108979689938742 -0.8186168002271191
-0.25723084042581085 0.830206108496667
0.5139858908778364 -0.8098040604752886
0.8230695131690051 -0.7825195612922468
0.9336394375126762 0.6915018022342143
-0.9120532101845792 0.3268906841039694
-1.258191673280287 0.8710492448978736
-0.4593035363465816 -0.8030812970502293
-0.01661534356838108 0.7581111815827597
-0.13692092595698593 -1.1166358048384306
-0.6504006412330036 -0.7736286328592346
-0.4046745480701328 1.2111386205093406
-0.00396861503368906 -0.3314686344209878
0.9122930078424858 0.5893504079002779
0.5024361048990537 -0.3165812609606088
-2.2481689674665883 0.9071485940466772
1.6525789781096367 -0.05301111368641871
-0.8746281381004187 1.6163437159501737
-2.0610361813342633 -1.9118192893448798
2.0707835770414307 -1.347575979226475
-0.21377319437074835 0.5979674599255399
-1.6578194918124116 0.47845444161790684
0.2163958511048251 0.42359794627193903
-0.9280394937448696 -0.8432583529711837
-0.17613569618305105 0.9458836059557201
-1.4910489224777015 0.7795289207227644
-1.4473704953621807 0.08117328735933121
-0.4046500878176223 -0.5822892670573324
-1.9604306853223354 1.9027970134585135
-0.3883406338133978 -2.2239699157996884
-0.734858873407525 0.7784703583728823
-1.5031303238027103 -1.590884352431482
0.8088170470372744 0.8339299010319481
0.9908539795610694 0.10028444500820784
0.6138109411962146 -0.09065662855457275
-0.7497964015490027 0.1973828164861839
0.3018326095787662 0.2009329680633546
-0.09376333406045444 0.7257914845196489
0.7803371452684937 -0.95461825312685
0.24110259545263932 -0.9687888224356449
0.9908751951499384 -1.9179350894469274
-0.18192367467534834 1.7191592238217592
-0.9892187513062063 1.8618600856890255
-0.8667946330603254 1.1307478700115465
-2.197928652410746 1.4275812771142076
1.1508217084474461 -0.12621482367869125
2.0543499704350405 0.5093464029894519
0.4089534764350332 -1.1950388046458014
-1.0189343301840854 0.28659913823100786
0.20609392667734638 -0.1939183902128382
-0.3500672671082568 0.02366907932088214
-0.5587548193545349 1.4225794299001235
0.7933347502997118 -0.815698292614846
0.55899145992087 -0.5106095070799626
0.1603185581819955 1.5732190430055688
-0.44334405660683024 -0.8135467245232999
-0.8017747052391904 -0.7339366881253903
1.952843851493519 1.776176583478185
0.806318962731066 0.03455670443321003
-1.8152799397517931 -0.6955633354701689
0.3687735235019854 2.1220221250906715
1.1883165215320879 -0.6522823212747912
-1.3876721518593376 -0.6228029827701642
-1.1995281655980332 1.6429578502375561
0.7335921740454555 -0.6886638573902837
0.0891314634849407 0.8173122402177149
-0.15369427965737537 0.5315202067779884
0.49058861136195875 0.05872092334459757
1.0523214270706946 -1.003475648379964
-0.2432152213129954 0.5529457032603957
-1.3503457937626415 -0.43960503950649454
0.9139184690154957 -0.17029125271610315
-0.7665500278580626 0.6124872778387974
0.9552190534073819 -1.9159450314522966
0.002488105369566085 -0.9729301300767351
-1.3278993694401529 0.2289715159121831
-0.0035418999607564118 -0.0032531282990636103
0.5061499563457084 -0.4348890237303422
-0.6138485666420422 -1.0620300222062173
-0.583103770445948 -0.7353322870843284
-0.8632462155041779 -0.6606046129531377
1.8578672534087526 -1.1520019696144053
-0.894384214952163 1.7723328598440444
-1.5846531234077172 -0.9338110129773683
1.6612444735547254 -0.10763805406312514
-0.6198230994500065 -0.3839174684445646
1.8316217262692327 -0.17047601315331418
1.0335512228335766 0.20328642866788982
1.5979175993447765 -1.6649350342253595
0.24257183606599497 1.5632584023238227
-0.3545230077211269 -0.7046225892993827
-0.8715162975484451 1.009775017258934
-0.4664373679882791 -1.3392580605280469
-0.8557005616608999 -1.688355465468184
1.1351793223654498 0.07453361607796118
1.8359483597346917 0.8036724568387011
-0.36793837215158093 -1.8562925674234403
-0.15522214914743676 0.15750746342862162
-0.9011390940054812 -1.8568881028481672
-0.20028589723938675 -0.5821105160218403
0.46732259256311176 0.7193701090210215
0.7527565096444391 0.729049862867159
1.6224297193941009 0.7216582171813987
-1.450765374455104 -0.31684183128217897
-0.4203412656345123 0.20518822928797195
1.4611577859704439 -1.0849268665067453
0.3411668337290866 -1.4906811769852868
-1.124353123731943 -0.23336025256967058
0.5556180530835627 -0.8145711038977907
1.2129878100793428 -0.5532083571912885
-0.7934065723026985 -0.7343759406453398
-0.9184170786709568 2.7066718265902012
1.0118311616492706 -1.240681275560233
0.11703914085568058 0.9747634121133664
-0.7626690602417443 0.053428486592893114
-0.7717010522100483 -0.23823104230983078
0.31743949871167576 -1.991646737490347
0.1250570429565042 -0.0565180802768833
-0.027844721433739332 -0.6042341292197364
-1.492768041284266 -0.7207858270425898
-0.6609153433626876 2.0444754960761
-0.9486945167199683 0.07663629910223382
-0.2039500697561357 0.6695996994358175
-0.28288165666581006 -0.033403631921507325
1.1987405277904821 -0.7142707051206099
0.06614162908344565 0.46285336094000673
-0.9436867125298535 -0.826503505166208
0.414889626738836 0.5217860008271404
0.03416362432946553 0.45806897907661703
0.913758336263163 -0.1957747214246575
0.8272226407670106 -0.563312416782929
-1.3551542710016853 0.7623287069128065
-0.36495193204782883 -0.8661058880914835
0.05069948057905309 -0.7618410001196515
-1.3428735475394 0.1286146623682566
-0.051506682946785655 -0.4812823794873487
2.0832949780931913 0.41356146324885934
-0.8116511972077286 0.5433885305010856
1.724473810361627 -0.030957195869252073
-1.5663533388402677 0.1316699216390468
-0.5770167849319882 0.5171796486814769
0.039182952420467564 0.8048693283508378
0.8482986959025923 0.9450711635460243
-0.23686280691341907 -0.3437421219448229
0.5295043040495765 -0.07964811722390226
-0.9242218002549946 -0.12365187083579167
0.02322050720494357 -0.3835063811793565
-0.1942965631923734 0.35108038746184206
-0.6417432273887762 1.1370539954930297
1.2026793592447678 -0.22191761713008248
0.014373939575741755 -1.2826569609843057
1.8521990054813902 0.33949400026381615
-1.6607165035020675 0.08300617605572683
1.0591475803378467 0.3647151630155248
-2.0920186242494725 -0.3276503226556263
1.3143719181062368 0.06722016821688112
0.012242382767798989 0.7625965096834016
-0.5190998215101598 1.1652058318012242
0.1651998244148912 1.2164099744442247
0.637329262504388 1.6177910455814302
1.6653322037217821 0.5916474808953006
0.10875512998432896 0.5299915177751352
0.5424756213700159 0.7564705064016495
-0.058283626196342524 -1.7765776970825755
-1.7696740960107042 -1.0999868459335564
0.16410662938658144 0.04083180739681495
0.23972702796780052 -0.4780799245060616
0.7984366956586016 -0.47512788129363415
1.6585773407077895 -0.2541829537785258
-0.7275895285644125 -0.006789251598034016
1.0643264625736153 1.5483259801730263
-0.34787586104740675 0.4913492812419265
0.979216117602153 1.1465978794196803
-1.084312609655236 -0.5306903500761008
2.1555226022707275 1.0103832448100294
-0.8280097539804911 0.8112699178061381
0.7208948098512965 -1.8973784888182708
0.4102936454698536 0.3129060605860327
0.28210709345865276 -0.29145086270798976
0.35678956165905973 0.14743499979009678
1.1730872400730104 0.1687393290209554
-0.4895933476899154 -0.27381235244961777
-0.6120986200839956 1.0775488801182627
1.5917194707192028 0.5557031157355241
-0.18444010061330313 1.3622295120478694
-0.61316477314441 -0.8398244820373922
1.0331986117823233 0.9996066449540278
-0.2210406843116347 -1.1800286888083886
0.2961470770895846 0.18813425883665152
1.2718665925005705 0.1599706711797282
1.6292098235609809 0.36533052663392324
-1.294089905145337 -1.0454250359126451
-0.9607159313604271 -0.18622912496017277
-0.44502653405069553 2.1747026061295194
0.3651103933137209 0.45577277076321154
-1.1286671350697233 -2.75766750680876
0.36006133694539466 -0.48386731967530633
0.4905247351041442 0.2212361726001942
0.16158555723203566 1.1681657312498022
-0.22053027507691372 -0.4164125040654355
-0.003393550238285456 -0.1627713471121445
0.9714361103587497 0.7308092010441943
0.583412273292404 -0.04986184022468438
0.3056017214991056 0.2799286269216747
-0.11077426278324623 1.3847140989333888
-0.5797586136932554 0.3055758578546101
-0.6713713310374249 1.5824252982497167
-0.6489778671629154 0.8232076987092376
-1.015060763392578 -2.57203362606049
-0.2613861254219886 0.8238502698753701
1.2592066617669952 0.6335697030252649
-0.04679363837309443 0.2616819374723341
1.0927208744265957 -0.260074627947351
-2.032986753839951 -0.5693380463709063
0.3709759889636946 0.12275197355472951
-0.007010182459343828 2.250241615776953
0.18583961731836046 0.3437788291858798
0.8262176316703631 0.34346609189874944
1.1113666168409828 1.625111114627494
1.9862790114171351 1.7501014716542904
-0.23654444973535038 1.3444952973065587
1.716840519296948 -1.6620527724365477
0.4690419246411721 0.7395675299937209
2.751692289434067 -1.285521230748249
-0.18657159639889598 -0.3673331314855656
-1.0605340990884307 0.6548008932636824
-0.8725504130973365 0.3411994769601688
0.15417082961630646 -1.048394177726226
-0.9736154514568722 0.6581875504505509
-1.696581226250847 0.5915744927049
-0.061102405305092644 0.8868450126280265
-0.4396514167916787 0.06553927759817316
1.211660415599977 1.3627061139514731
-1.3132065991901214 1.05510555696896
0.20774773295351406 0.7931635071091491
0.5614448678624412 0.8260042487846319
-0.18763066012720872 -0.6694253451894419
-0.09553837744050442 0.1613602342639435
-1.8910287309638092 0.28831213238670367
0.566651055584991 0.09275614608945365
-1.2812785963813897 1.1623415459287227
0.3666863294019233 0.5243609912726442
-1.9158341190673138 1.8187895946994173
-1.8883712069881002 0.6866194180375785
-0.9864784343030949 -0.5654275060924174
0.5275522687133473 0.0883105976431553
0.05529583038212014 -1.7559405014742837
0.22162081392674235 -0.5159583135593826
0.5789347429599377 0.6819952636218984
0.9089992572134331 -0.33557202347593873
1.154932331375727 0.10773297893488516
-1.880461274586769 1.321709630626222
-0.39686112616280506 1.8266197250419047
0.7182171251291894 0.08864653307067066
-2.0931511490671433 -0.7384539538783427
0.9391701741013545 -0.6712096374347296
-0.41269017127140434 0.04255191323421256
-0.12338315054473702 -0.1230246120695567
0.8014424080493473 -1.0195557051856075
0.5283237887947724 0.7277982892099388
0.8689749646423265 0.09177209003185925
0.4270401538107489 -0.2469586230957358
-0.08499819420203701 -1.2565538941569392
0.5272916843896424 -0.08592252757464498
1.7248251380513475 -0.10011084807803787
-0.8762670947104292 0.740867604644677
-0.3626818211318887 -0.23482216503445197
1.1506969964865175 -0.5324603347799891
0.6943038748069197 0.5131937593079017
0.25317311067508547 -0.06859254103055927
-0.7543114395042373 -0.4232598477467973
-2.521466202443479 1.1142407950026023
-0.10489384005523249 0.5287723043652887
-1.1414558540470292 1.2260889187057342
-0.17811793073519996 -0.24386822680444836
0.5937361943190266 -1.293131253526323
0.15325414148415156 0.13937217241374766
-0.374153371923709 0.20209060835052417
0.461031539864379 1.2593824981578108
0.2875936739671526 -0.20288614337783506
1.953231293248925 -0.8396544551402834
0.8262203725089022 0.15701492142876405
0.21328956166104715 0.13105939652093618
-0.978760178300626 0.4019320387458802
0.22372950695459579 1.1427227525712536
1.2135100365154767 -0.971044819608035
0.648484862520608 -0.2533982042167836
0.8370330171670513 0.026812073442669462
1.4899463940776931 -0.1850677683269888
1.768517469095178 -0.06136130641946221
-2.0537767027507505 0.2934076024947867
-0.7823066433935777 0.5915366129256195
-0.8928706442633483 -0.23268282925534556
0.9420547794184693 -0.7378275582860756
1.3475950563808656 0.19595918443401905
0.06070540708664482 0.1192209117097231
0.15611313675014712 -1.591190383678859
0.1987419605600697 1.023757592558144
-1.825601979867483 0.14484362142124896
-1.153699444483743 -0.3980252808954983
0.9888568049297753 -0.1284930310799321
0.023870042796342392 -1.9053134280171162
0.39192008625503194 0.17790868313719782
0.31064141156320746 -0.5552201220748153
-1.127300519351573 -0.302749362468506
-1.1256414498064928 0.4579280778316608
1.0908481731601611 -1.2022769680388354
1.1062578969551116 -0.9362439414944699
0.22232345597682684 0.00898615063540581
1.6938568946190933 0.8038394060026595
-1.4698730682324461 1.0520265759308334
1.1531623346400186 -1.5912832120040712
-0.11765665823865716 0.2740273892719489
-0.2928012289145857 0.06302598663295424
0.4516265500141665 0.5399523835817168
-2.5160195616987733 -1.2548365018284613
1.91238715789052 -0.6729333668542757
-1.032419054009122 -0.5238282247856865
2.213650557019549 -0.32985479378260435
-1.2306801580320725 0.17732681144637819
0.4697431380351418 -1.3849184857196635
-0.4282043340426418 0.33092404723002755
3.349249292415527 -1.8961510101923917
-1.789399706993332 0.8600568027179079
-0.7377252979047068 -0.4957649294140811
0.15554477756908588 0.7148798483282535
1.162130669441689 -0.4887209595238265
0.6740808744305433 0.6331965888075136
-0.06398575794827793 1.327770685118459
1.3408705566407397 -0.20075943860425108
1.1695579479723293 -1.6791617614232393
-0.5767650473157723 0.007935957555942307
0.4078488710500835 0.7558079024026438
-0.5822548233014644 -1.0855205707102458
-1.1482405883190556 0.5924955262794054
1.1212404470934507 -1.1237718047753051
-0.9935164755777245 0.4359660776947096
-0.7271648483041062 1.431350980490948
-1.0049642602163253 -0.4519909857884822
-0.7609472301303543 0.27243007062567637
-0.9919101668251988 0.740451239083188
0.06478438820456789 -0.1947243242452967
0.18386808526657358 0.5325484866538472
-0.9221240837159859 0.9590069407734159
1.1359786351567345 -0.2997640682476974
0.7518984191458773 -0.023809625313425054
-1.5291517267381025 0.4008293451922747
0.9571981985343566 -1.103529500412536
0.2535977271202714 -0.2730554205780689
-1.6883867800081935 0.3626416747586148
0.34454845455500327 -0.7168316688910708
0.9180994428321915 -1.0904333797743713
0.7110898926415641 -1.0894243031273827
0.33753152999582126 0.7581309749531141
0.29074932906179846 -1.3301904049728592
-1.440316902067409 0.03860374537087438
-0.7068202630084914 -0.01961774976440424
0.1056967995622461 -0.13680006109959134
-0.9630391137449353 -1.6029686189612196
0.22436352769405415 -0.9881315290412261
-1.0013351658117011 0.457445586996684
1.1628161819161007 0.49219743061890364
-0.18607670641985055 -0.3151137277050085
-0.7464331868314981 -1.8578811070330505
-1.7013234819318308 0.529174566130015
-0.3247804903370501 -1.296554824206313
0.1990392921116799 -0.05239724380848287
-0.5163311398968918 1.2820927534164235
-0.38728234298762176 0.9060238657647428
-0.1061931950068952 0.34546758080766404
-0.9494116605573616 3.1192151711510827
0.05647795040451711 -1.0179065521131707
0.06137798658943578 -1.025326983038023
0.2798978412687712 -0.28215156630755167
-2.719255819056934 -0.48684202120615316
-0.24596883257784571 0.036918576177385844
0.13974819603801236 -1.384666949032711
2.2860614986605676 0.728027257244815
-0.7910649248793171 1.1707000596472616
-0.8801367421894528 -0.25382901172553163
-0.7141152955358635 0.5741414390811506
0.5215535493371635 -0.18215080035558784
-0.03431769688395539 -0.9117612421398753
-0.7563471326886552 -0.07750482864185991
-2.4618227238146817 0.6859057895484751
1.2386204014595885 0.0826916189861949
-0.0663845481153452 -1.0926183258368505
1.0659536985809028 -0.6759949452622637
-2.5613941980907944 3.2569535404190724
0.3805369978534985 -1.3285874427290112
-0.9806590593158796 -0.13152119918189498
-0.7457004359690913 3.178466964069507
-0.03537608127629941 -0.5112068270188336
-0.5496244490207766 -0.5458643802854763
1.2017549458765702 -0.1196173782295078
0.04998243655788963 0.7462008537918999
1.1072281154562076 0.07100230072149356
1.0753957256041682 -2.0282180861434047
0.6286076065949291 0.2393097512701113
-2.5742436145715253 -1.1552384270354117
-0.09211289069364709 0.4955448409336236
0.022150012154389134 0.6330642379761835
0.6933961989052221 0.6518081097895786
0.7757794345563719 0.04027956485001978
0.6795497301489755 1.6210630070962413
-0.14404611659357128 0.8690109864288303
0.7914791844522339 -1.0936607783309904
-0.700156585718269 0.26604171304900304
-0.7421463360712751 -0.7809545835300723
-1.181330064441116 2.4124326509540026
-1.417702515222905 0.8224748287769933
-0.7188183067221776 -0.049377175978600155
-1.070139406774122 -0.8392843191919686
1.2510239298742405 -0.10699196192603877
-0.899584415739567 0.441983905822608
2.4048070624451676 0.6610570476006566
2.056470680279459 -0.1537638515180056
-2.72529122366119 -0.12977093408037915
0.0061856536444078 0.8898738939018094
1.0085072542824127 -0.26371156433975623
1.7108492151307026 -0.09706180818057891
-0.5067194538948449 0.3574737054531612
-0.7571511819853926 -0.5175064202132094
1.1588056595371616 -1.3517043997571052
-0.18956271001688513 0.5456775458161685
-0.6101979927964364 1.9181078593433754
-1.5121589121563856 -0.5714335374104633
-0.18326868461803386 -0.17433809699735373
0.12476452745972126 0.9630082241538329
-0.030096829210515277 0.13590166372601
-0.05275302429944116 0.21542673493552764
1.559980401283112 -0.2579978119702433
-0.5377170033929659 0.014109161132892468
-1.4208278719998209 0.3626248810623082
0.1445204640694457 1.2704386557222813
0.054572536465681394 -1.0383813555178167
0.013509102721832308 0.0849637990608745
0.002443873023604904 1.6956824061931692
-0.3442241466827322 0.24598334058084664
-1.3152280779979428 2.5432640541573472
-0.7410329114816095 -0.382397765431765
0.8617098366396757 -0.6415436234073448
1.055199959319058 0.0376619197339762
0.7818249406601877 0.19402834928118012
0.06096849294894233 -1.0337922656624259
1.1750493579679937 0.49167368231713665
-0.4869575556259859 0.44250387505840644
0.051839596244462285 -1.109835670576232
-1.1146344972720428 -0.8281653612337445
0.08380269297538569 1.2699046451927474
-0.8944236719584994 0.057330272663287475
-2.3545041241329274 0.510140960088574
-0.8683731082710452 0.2974432341552752
1.7241151003678796 0.9541639809872655
0.9420166981982679 -0.07123826340705228
-0.94196054726968 -0.8582635272335111
-1.5426935625819096 -0.23795069755014867
0.14916756620228502 0.8054759081673835
0.5730946148559569 0.002041585382217186
-1.2883125938819346 -2.566514461646624
0.23240115776831394 -0.8895698644414981
-0.07403613277775965 -1.3511654288064174
0.773243990508558 0.8595461556868975
-0.004536918188829475 -1.4040462491686232
-0.838096645900964 -0.33211985376296976
-1.0931742962457105 0.8719374760606055
-0.509851197370397 -0.47669726359725295
-0.5597126075166408 0.19578372744148018
-0.5822296577415498 -0.7384710574769858
-1.9088817161479552 0.6122096168721118
-1.0645886339077455 -1.8870400830685674
0.6977077838120319 -0.2736637725922587
-0.9405808633148375 0.21733924378400235
-0.8574100285486623 0.8968570031512887
-0.1868634666093197 0.48743043792482327
-1.588693898427967 -0.28007486227070205
-1.3904588532707338 -1.8786525705746606
0.10291088674155667 0.4901339309889097
-0.1059076332008866 0.41158070786022716
0.2521394303461496 -0.823502028536575
-0.14660693695748328 -0.6232735791515213
0.9284071106978159 -0.03357290791050509
0.7340825093156376 0.8426294878478571
0.017674859104054454 -0.8084933426096176
-1.298599109327402 1.1881255515278422
-0.913020452393493 -0.10371677997358623
1.5298599309975236 -0.6744089252341513
0.840995488363183 1.2379116591295813
-0.04608536558896643 -0.4715305542888836
0.8385836777212783 -1.6011049131827757
-0.13808981338152596 0.6380020272351705
-0.12393177111905632 1.678095552931379
-1.4084637034482477 1.1871947897046673
1.131583655210981 1.1890856781308539
0.6161561348969461 0.30455463026250534
-0.41343091857906156 0.044049896456493244
-0.4584413869482572 -0.05561854282971539
1.079313818526318 0.33901150221208415
-0.5604456323284536 -1.626761690002456
-0.7138418109693015 -1.087832716565341
-0.18022676053575523 -0.3428699342146111
1.2804443582825376 0.6127476842354671
0.8719509355318498 -1.1636575689982114
-0.19806490921599004 1.2693412665136732
-0.9933722451637045 0.6651677864479556
1.5087967961554147 0.2850946525588221
-0.9820648814565887 -1.601015684359422
-0.64012983611444 -0.3953243954335907
-0.11903006896094784 -0.12725650135003477
-0.875937336698447 -0.40703561920086634
0.8341580469796515 -1.687715238072676
0.8165564693722944 -0.903402858979405
-0.21408224033386744 0.5487363213473229
0.13796726179209698 1.6034924606618788
-0.5838990233220641 -1.0527527422588383
1.196919208082929 -0.4924874129532558
-1.293936846414522 -1.0483724902631668
0.38781363164594174 1.2565099866962897
0.007132865273328469 0.41139160503761424
1.4074279149486435 0.7112395128066494
-0.8959245294426645 -1.9491966144032284
-0.2108017735010224 0.6129050968473602
1.4928659755410596 -0.20073459383455033
0.24842385763936498 -1.079823163427074
0.69836988872519 0.4973739638995123
0.4604448712574634 -1.8844654663016762
0.7170845595119137 0.2467531771024038
-2.3772624550783608 0.8192962780018765
0.5202023522682601 0.027163138884195474
1.0423112028313932 -2.1180919443936737
-0.8472738921663647 0.9430673701706858
0.4583771616849601 0.8833297453395881
-0.9102264765566465 -1.1477018009141822
0.9764311230198844 1.434944234567125
-0.6335633540666422 -0.22849657766939468
-1.7920049839387122 1.6891888547126308
2.0473890293921855 0.34483685989433127
2.1472883492440356 -0.2284139533637961
-0.09896235971298778 0.06382500876323864
0.42263874829161807 1.7931338710142104
-0.8825450601622881 1.10869227822655
1.2820915630629866 0.2591083304769201
1.1446995211288498 0.685050281997178
-1.1606983654875538 -0.9810516958700047
3.007222598038391 -0.14923234899266408
1.2697270541541978 0.04508280759380705
-0.7456313624370867 0.9523591963328516
1.2856229519898608 0.15560333918536343
-0.220064246033289 -0.7592229643219736
0.9141543618965926 1.1517625107131793
-0.7762084163346322 -0.3478143010094232
2.428325033124466 1.3214088883724504
-2.0809176373143288 -1.8587166328255451
1.2756386082543731 1.5811303692968972
-0.3013781087544349 1.3570441201130676
0.05634604084214329 0.6628739315266835
-0.09827893007276822 0.7458252886093835
1.021961099870387 0.07543959996821761
1.576400051775057 0.22407811593382257
1.8215349340187355 0.5225592912404652
-0.8312408942755819 0.2368588165316164
1.0120394719623067 0.0832333241123496
0.685202057706077 -0.11160058105682054
1.673080351503536 -0.2359509805305393
-1.4662944287595714 -1.9666809546137136
-0.8623610933384718 -0.14006232886536366
2.342164039759413 -1.7054695999422627
0.7635059205949108 0.5385530187365165
2.9086284195786822 0.8555284837352932
1.5026053745724612 0.2568313416936574
-0.7548448481000657 -0.48440232200865224
-0.6706485506117308 -0.2068318227013145
-0.7685627589763775 0.40350854455070817
-1.4992455902244584 -0.24941296706016955
1.7927992547772813 0.029747411337994044
1.0264805270868842 -1.0457357425405256
1.262337706551721 -1.0102579520067154
-0.8122720995526391 -1.0838556877481675
0.7113725082558681 1.4335123616585306
-1.1362420421826935 0.5366991709832116
0.5697985404221845 -2.2536984239937667
0.569124720978839 -1.7471980250538846
-0.9450741282396726 -0.9582106870884213
-0.02901032646646917 0.7936210758776626
-0.237836147225661 1.5664719154168039
1.0370215702972065 0.10827009115314139
-0.10591142509561688 -1.1751209850348499
1.6070720794695261 0.9825571060809368
-0.32219118758412546 0.5872820192225531
2.981376287550882 -0.4160286235804039
-0.8894518055476779 1.2917177999099736
-1.1491617922050825 -0.7122009678549336
0.5660735131002459 -1.1342654752188424
-2.067583682713329 -0.7685651621090115
0.4655107721384688 1.7917389724699342
-0.28874652622356056 -0.037125389130413286
0.10067712058745183 -1.3066414772394226
-0.10320411962073792 -1.08650921864891
2.166455212538997 -1.0321371310470686
-0.47678260373308357 1.0035790240285147
-0.29854836427615145 -1.7281508924673945
-1.159246759297339 -0.6399471033813388
-0.6116045639567511 1.1971537173146436
-0.6486709147846442 -0.1233604345402897
0.637704569942826 0.51226019556883
1.1652245783410509 -0.6267537964773352
-0.9566281641171347 -0.7748422552313825
0.056604898432639585 1.3754122725302718
0.23976667148094655 -1.0686776291172695
1.0243897463177294 1.194763308592088
-1.35066324369096 -1.220889260551511
1.243888230993752 -0.5904415600198932
0.49021157840284313 0.647881468216183
0.5911924516243872 -1.2424009066651354
0.9451494599855514 -1.0420427241109553
-2.2536230378690014 -0.8296960350714897
-0.36873999117577294 0.5627538177437775
0.9354615949448617 -0.7340982094732507
-0.02960930954614315 -1.6834977942214067
0.5193628414719473 -1.3037518666655585
-0.5887296105824374 -0.09605012129111917
-0.46831703654998896 0.12200842320065054
1.1364796073120278 -2.1183648472242327
-0.7807843640221792 -0.03187014835103874
-1.556845418439304 -0.3638246188480559
-0.23148712115563447 1.0514409616618785
-0.08383973692997485 0.6057700658210641
1.067700272820101 0.40859719579123766
0.26519818429561165 -1.678825676442853
0.9983204992736155 -0.6313535464664195
0.2065868844037661 0.7642824434417179
-0.14606069915875464 -1.3277486718615914
0.11871410423795305 0.0884001194802504
0.42230328723466765 -0.4778632520769831
-1.1332901885488138 0.3463208127644338
0.5834777799663039 -1.8846758547092892
-2.4462219505050045 0.5468595800182362
-1.404911445452171 -0.2534852612568236
-0.4215999373854232 -0.8561606955573091
0.8615369444014105 -0.08987559388813898
0.6425421123676739 0.6849742756717004
0.5543311492959972 -0.4996889098869344
0.9572571216777843 1.2923761917379115
0.3716399614062325 0.501530196843362
-1.4432582794263291 0.1069367543070038
1.145099107465621 1.183607956384604
-1.3542225058448394 -0.18768723216917835
-1.8039885178554314 0.888575739653093
1.0888066997893102 -0.22515972865965717
-0.016682512124724987 0.2156216645776787
0.676478378568784 0.2658640894532218
-0.8817181375328593 0.25187991799932796
-0.22014709079270514 1.4874565231733576
-1.559601334149144 -1.270003994114603
-0.6265293847749314 -1.1598531510444408
0.44379324898802597 1.3031107673830744
-1.0268539027330794 -0.135461055433137
1.0450165069429662 0.2307571184170322
-3.102018164657272 -0.5693920586698052
-1.2968937855854477 -1.0181967447172589
0.569923496787756 0.2597164216908386
-0.4006852110429726 1.0350610901081805
0.4593982589217445 0.9380939067656096
-0.27081651491719005 -0.47293197481882415
1.2767304332705598 0.14467484938703767
-1.5473158218523715 -0.139778331283275
0.2394148036827745 0.8306047750655567
1.0896789322620182 0.27645717273669435
0.29888915315308695 1.0952799065468306
-1.7800963199344086 -0.6014394538583038
1.045908046787637 0.23742511131517433
-0.39944787793013126 0.08508358452518563
0.3752359726099267 0.34426113643652856
0.821099498438269 1.5984827394707168
-0.5038920053002961 0.2201093445142291
-0.5841700094452245 1.516588605304333
-0.8631999378067279 -0.49210936162453184
0.34037437000773346 -0.6520504072210668
0.5121576388911432 0.1471774440384813
0.31734832604128216 -0.4970759658009104
0.2610543129067209 -2.311312099681656
-1.0772845352954123 -0.5288066192118177
-0.2996055999636637 -0.7015499984422534
-0.49022003376733125 0.34239113807890015
-0.5060027465058662 -0.8686813138939716
1.7880752598782288 -1.166219526485537
-1.2658097124931282 -1.6021351058403197
0.10370360930606445 -1.2416071385516725
0.7009748982085839 -2.3816791360879064
-0.6251146709584592 0.28954281022484096
-1.8427297680520516 -0.9171189992631837
-0.5896075254204904 0.5503458665609051
1.175814258749336 0.23793087352262843
0.3918200097341213 -0.30487067558043074
-1.171699657438592 -0.36861965724138346
-1.7286712358859238 0.9682868430587395
0.648628391848286 1.5751325041125792
1.1742575650440972 -0.12208408473860069
0.8268955110361842 -0.31099310317874457
-0.5895484698960088 0.3340251807106534
0.22337314318879703 0.9103191069614556
-0.8551205951286442 0.4361047049852333
0.9598854904737681 1.1960869788528437
-0.4258329509770176 0.9752048824156017
-1.3456614210216695 0.11690581153894292
-1.65941487648998 -1.1001796242216686
0.9795369454640753 -0.8653105360420331
0.4814500238762849 -0.8337293060095764
1.8370777466786126 1.177943310963265
