1.2630362791386505 -0.38749525881991265
-0.6612369791745214 0.41130042458125154
-0.5631762277044481 1.6326408145263172
-0.779144357922791 -0.3204901664189775
-0.8678674246373097 0.43247175228765167
-0.026010195965140648 0.5437259484376352
1.1497715440021952 -0.06602034064471449
-1.4061763510706329 -0.46362962832731347
0.020361880191075467 -0.8516828950453179
2.407662154793022 -0.9247849351998658
0.48782615911686894 -0.15078689027268372
0.02944670730046217 -1.3299927831796026
0.24308071979136134 0.7219030796716636
-1.3335944816890892 -0.5244121776047185
0.1722228793344673 0.005077641541021005
-0.12047438738953638 0.32426927624542046
0.20445945652637654 -0.05303873745135116
-0.16677921804945273 -1.9648299895323917
0.37421623605050375 -0.14522853307005607
-1.5207818750438358 -0.05901970166048077
-1.775720030573651 -0.2570700886714509
0.7515419354015002 -0.00459162679050423
-1.2520815430251426 -0.29944443926051734
1.3254771480472807 1.1730114481370697
0.15555826649672647 -0.34324741830990596
-1.1273335849271875 -0.6283539831098235
-1.623771735267523 1.2836382254476735
-1.875964141753989 -0.38466876767418634
0.281960954697266 0.10340054070708127
0.985284161548372 0.49440745505618194
-1.1337029710358055 3.044327383360675
1.7413702468700472 0.0014682839637252042
-1.0622333959189005 -1.2237200797716976
0.06866101393105699 -1.0556027406767525
-1.5125043139891028 0.15269279153799628
-0.7769348213616092 -0.3714491525161847
-0.7235360295098374 -2.181744369766922
-0.858019375847222 -0.3865513294246082
0.8266725071108953 0.47447960233806524
1.7515036754527042 -0.8926918465864185
0.39376324550404557 0.4340746419940335
1.560407369629466 1.3693401845621638
0.5796788649717265 -0.7989499533277127
-1.2046361241129109 -0.6791523884724324
0.6425742958838144 -0.6386772940745481
-0.3421569769711986 0.9875397504149708
0.040090678230071126 0.7981813764547345
-0.4852365338592884 -0.9432160554595244
0.6263136074367868 0.635612782966616
-1.6128075773479935 -0.46275350513565144
-1.7585807675107528 0.19921324929508155
0.23639200803161614 1.6207388936453389
0.007532670069712511 -0.8759865661809694
-1.5698382855051944 0.38263083780072144
0.2562339515548301 1.6879054121500487
0.2321546925511095 -0.641166686027884
-0.175840763050298 -1.6639292809225283
1.1590517682002779 0.15016328985093624
-1.2036348331614917 -0.42374202204061534
-0.5864859765430397 -1.4329495395277014
-0.9913829202003419 0.2479304318344618
0.002441309645984176 0.37973236993274084
-1.178680626673623 -0.7848431348401208
-0.2608877800554044 2.577933246395722
0.5648652689944622 -1.9484149464823957
2.6880407456256075 0.7044924904501497
-0.5072814014458767 -1.392111928058496
-1.0020763795731733 -2.021499823437968
-0.8032496392105856 0.8554976022746859
-0.7876196583364362 2.1220215326888336
1.2699509263679063 1.2630391208002898
0.21341492234493628 -0.599178735471406
0.28299267767621206 0.2001133402750328
-0.5304325341471507 -0.4694942637366369
0.3032534032358849 0.38419872595714033
1.2811986137522362 0.4201701373590308
0.510149716047074 -0.7237906738251254
1.5371262685823017 -0.7182083446914673
-0.7893804744255516 0.7646168341361396
0.5233054684098396 0.15525131321329308
0.27770492657496787 -0.5656493063335566
-1.373471204899442 -0.15298609893265616
0.27931904726853585 -0.12273570572213195
-0.45870134208375485 0.18584610693689424
1.2306952391190484 -1.0867422900175248
1.0375476696399306 0.8117950360481113
0.5769314352184354 -1.2656747555579861
-0.5473892824397383 0.6893620883731386
-2.1330790502079853 0.05500558468407022
0.41248502405956006 -0.7577083376051174
0.3647338525059221 -0.716824622215604
0.27840045291046484 0.4964686748293743
1.138922965822133 0.2687471530739596
-0.3730600444685271 0.12846704185320235
-0.9492079844745696 -0.6505762101086705
-0.7574654163130637 0.4399941824160732
-0.10434143126729682 -0.30232613238514383
-0.0006773093749511453 -1.256003560530452
0.784896568194303 -0.45780944253007205
2.7136646972190186 0.8654491907354599
1.7901019664817461 -0.47074097175217444
-0.5958787844286256 0.32747570712197915
-0.2517221980649244 -0.6527483469062559
0.48983975372999483 -0.12717315109129382
-1.7884323798649642 -0.6512151782965727
0.25804745330763545 -0.6851552686947893
2.411162363458781 -2.1579385952471264
0.013079725883789332 -1.860174650884945
-1.0216512658858004 0.5261268734856578
1.2107141656915632 0.49129099875908344
0.9258981828846333 -1.5695884511368667
1.6512846581006764 -3.1789039590412824
0.0356235423290401 2.05639016993602
0.6842907368584936 0.11740233229347137
0.11489934592688063 -0.15111817388522317
0.59230566073047 1.2845717955263578
-0.18463740739707094 0.1900586399804718
0.21242840537350416 -0.6877176693138642
-1.3848120539880449 0.6310980736501894
0.20363678684800535 1.0580411846802353
-0.10417613233656474 0.39321877640053776
0.9098759513412527 -0.261260483714229
-1.2321449214026128 -1.1083040944812816
1.0699935048467881 -0.12900366289777263
0.6794821039838757 -0.8642339815765018
0.19027770817826264 -0.14435938054517009
-2.0355611209142714 0.467736108627757
0.5403708616197522 -0.9723632165096332
-0.3540097622900609 0.5205150690500371
1.2854879515274968 -0.7619732568280256
-0.024961838369565826 -0.12403373492520947
-0.7928872878131202 -0.5834345142974018
0.324661612380802 -1.4920194962421616
-0.9605256498403478 -0.4516931303668512
1.3764346738362052 -1.1578925317920117
-1.833898277895588 -0.6652425629734225
-0.8519827303343067 0.6871631381389236
0.0004161640261520222 -1.1162154864916174
-0.5239015024239129 0.16319135679831936
-0.2557654771968126 -0.13395435232042152
0.8804240848949275 0.9771733814760263
0.887590243822241 -1.5223533674933931
0.5690435211196547 -1.2046709355640954
-1.8289774629444735 -0.47996518030849294
0.1804256710557549 -0.08936499012620422
-0.13107189113577186 -2.1383538397630457
-1.4878564439664397 1.6885383037699557
0.3504189943194952 0.33489747442743445
1.0188269304292468 1.1453669289680402
-0.6018308244435682 2.5739743380002786
1.097284093890108 -1.6951453939782042
1.2371118084872263 1.4424058400858417
-0.41352364909759176 -0.6356466831694746
1.0680279606360408 0.40993649112176006
-0.18177024108186055 -0.5543765293857266
2.0541366419768843 -0.9663066002557974
-1.7584092108836566 1.4909621356716958
2.4104212902114024 0.4271934505983228
1.2058421935274766 -0.49941279035524155
-0.813206367815151 -0.2991921010003146
-0.014278196769193625 1.17371664429947
0.07580821263272053 -1.4891820895832648
0.04956661304988215 -0.7165692005328267
-0.16237659036030455 9.664983442199723e-05
0.36140465632310775 0.6839115900272894
-0.22311643174382628 -2.200650761188011
1.6709075649829226 -0.6954768578681532
0.04853849502198837 1.356087014438582
0.11614172252987834 -1.8501480907757186
-1.2413553631934857 -1.9892881263499222
3.3373978794268435 0.4406142264412884
-0.0988491421256131 -1.7681545611561993
-0.9475153779132044 2.1638773501446997
-0.8024384734389318 -0.24896019986995352
0.19600528827664151 0.17123004255244434
0.3909544764041049 -0.3058157283718281
0.06523453118490961 0.1353400750538867
1.8900825564559907 2.0142114803071434
-0.7901037392869585 1.3964692816075317
0.4431320864416116 -1.3940337075375908
-0.49548826899383674 0.5325706713496041
0.19020724649881418 -0.6398018661825003
-0.20488054923795126 0.3721010463269211
-0.3103386082117683 -0.13064774927656425
0.7731529167811273 1.8909185982255807
-0.005271017381321232 -0.8961857802663509
0.4650204941804918 0.14991506092949355
-1.9463156519317992 0.3380422560187519
-0.6934844487017073 -0.5363032286943883
-0.8015749089073528 -1.422917898394218
-1.3272946961191372 1.7128037642361074
2.6724096622431786 0.9816478676582256
1.8553180806128804 2.165482957293738
1.0964411800826175 1.2146250823329743
0.5997475472559449 -0.18830598062377912
-0.8358129620486343 -0.29325413537430145
1.9349010746977986 0.32248804980666773
0.6270718076302455 0.42295087351303506
-0.4988824144543549 1.3005454212047924
-1.160677956114872 1.0648589819999124
-0.08750381062464026 1.5386449964351305
-0.15203811877315476 0.16098841846322215
-0.997387593992604 -1.0127093252652897
0.2992265784987764 0.21459485646345688
1.8965632902044924 0.7996164158456563
0.9787580240891586 0.9933131523288224
-0.8915916105460171 -0.045041922656169596
0.3027659509026537 0.1204467357397579
-0.32103714160701335 -0.3673906739497894
1.2472968790260752 0.11100265474788419
-0.5848861101794377 0.5607653979609303
-1.8628407015874549 -1.682645391322599
-0.5957397990577834 1.8154760665916823
-0.31891392166234744 0.36601639359549304
1.9898616869135897 0.043375287155870364
-0.4448727080536219 -1.1972613336362155
-2.571060553039477 -0.03781595912837718
-0.9615697915061712 0.540268277628206
0.8357094187902755 2.066719563182552
1.0198134517480488 0.8300590154799319
0.8087924480373028 0.2919356479098507
-1.5939152512616286 1.8902202229143277
1.1021483348404555 -2.235482212075132
-0.9421274607724553 -0.4367635288769415
-0.41307706799802013 -0.7481223078613554
-0.1396503080169109 1.8517711768486347
0.8298191601097841 0.5263778632459944
-2.1800518567040053 -0.8295639054691049
-0.7593635218571351 1.7537503935059184
-0.2554866089772275 -0.5049410131966413
-0.7435893619367422 0.31168179300875487
-0.6704912526046588 1.2378644987374412
-0.12244361932507572 -1.3197329662737858
0.9213718237452946 -2.5150459512499665
-0.7587044343912004 0.9767828338168415
-1.8378827634546273 -1.81655507934188
0.007279865257764273 -2.47653264280296
-0.43911528536309 0.15640867984881088
0.6627359450164303 -0.49573925443458466
1.3745692101932596 -0.7477110110002896
-1.4840450204909499 -0.5561915980308554
-3.330826451057538 1.2734373800003496
-1.7262557839682828 -1.4169265516016987
-0.9568697337170676 -1.9950715622862638
-1.1700808499151587 -0.7859388347066621
0.3698491958372984 0.9014213255817141
0.1949134303648392 -1.9389285068469244
-1.3389433320693853 1.4294813734887901
1.1380346078602526 0.2575715993458653
-1.2402663249841965 -1.0944111882016767
0.4985982406229865 0.08447971490623211
0.7393190641671633 1.241163344027629
0.7515406348073519 0.6879906410067187
0.649036678543652 -1.317487636865388
0.3111930673471479 0.8950138484948145
-1.1049207788146251 -2.1420200203554622
-0.5549358921677481 0.5438359542238937
-1.0914919133199614 0.1740579339481434
-0.2791196393562218 1.8967192307162029
0.2765639807783197 -0.5948918169691862
0.22960501852931187 0.5529610173771989
1.2062479191962552 0.8049183458485099
-1.6893976534767159 0.30094181454314234
0.2739191142202958 -0.028650740251853674
-1.0587796953299373 -0.023251601751088764
-1.7376921722056393 0.42797746472773623
-4.030690029940162 -1.0571637816306751
0.5769073568695425 -0.23679854791453855
0.6727011437307806 1.0777801768534148
1.5199949719333798 -0.4820502613871126
-0.10020774746391609 -0.3934169244096599
1.760704810678215 1.003669532887598
0.7897822222075868 -0.9888704783411892
0.501204322355825 0.07603158360100766
-0.33306119818497143 1.9144942436030887
-0.5603043372295722 0.2039046267356245
0.42488130294041276 -0.8548375743207017
-0.3707727335195072 -1.143543305495831
0.12366657295233768 0.6755525715736032
-0.08847799268587855 -1.0957171517658477
0.4990613119591146 1.1065107725349825
-0.1558635492255681 -0.6367501664782113
0.052127839611958916 -0.5442282903216733
-0.2642815991547206 -0.7686643546117033
0.2869830051673293 -0.6135891052941513
1.8037348097704957 0.13001733422416875
0.5932508402444197 0.8579106790121991
-0.5132430633460516 -0.35487365916601815
-0.1726900603007277 -1.5241872107770373
-0.11540673884688415 -0.019568046428974393
-2.0750387121597527 -1.447342108467016
0.6232473555555933 0.4601903586325988
1.3215424963635516 -0.7657534795683036
-0.4371608135608325 1.3758549967146596
0.12064782235787827 0.8241117588140064
-1.1661561900078603 -1.2321758562310148
1.13232342422769 2.2136607388625507
-0.6102962634976918 -2.126945881656447
-0.6627674800087575 0.45269420658439724
-1.7548870485633474 0.031273871559103834
1.4464718736681916 -0.6877375714358583
-1.017831173930705 -0.12633760458701712
0.1340426900966451 -0.20982586274499085
-1.171460263560809 1.1154932269507793
-0.9848842864362114 1.2185056762197615
-1.462848337106344 0.2992313964977544
-0.4370709993187309 -0.34931556691770127
-1.6367689587170897 0.039809455541054334
0.033457486969977156 0.6167823508728927
1.1598007315398142 0.9217432549688636
0.4233816658995938 -1.4646994645568845
-0.987341871950975 1.4921879080623721
-1.367074491534564 0.42564810922708635
-0.2986853259064281 -1.282320484635977
0.8127279766522818 0.5097985504974117
0.5986882540695815 1.363951023999347
-2.4058741192032977 -0.9910316744653305
0.9607730043394456 -1.0045250597737696
0.22705702210547274 0.7980190774798916
1.416172067425372 -0.19026037369253546
1.1514039142918588 -0.3369197482867431
1.363281757603912 0.8691165331756101
0.9957190531787117 0.7665235457316014
0.7832856752499231 -0.03462623747439883
0.7337117441412755 -0.16364846045165754
-1.0893298881082993 0.8199343521739512
-1.6317481959636353 0.27323232591809743
0.03786620414379273 -1.2145810924793288
-0.3609856173067259 -0.8893208189273247
0.7161053140920662 1.4631364222637073
-1.4896911309080936 0.20991983618533983
-0.1704849979241524 -1.4861073767846558
0.7062311884894719 1.4945814640323458
0.7182564793412286 0.5263655885118458
0.30013944753068655 0.9180687706129175
0.09370523507005704 1.4934772362510533
-0.07849772772300341 0.482626026529319
0.8186547091875394 -0.12291012520792553
-0.474433348394687 0.03547909567991562
-0.5564809816009764 -0.6741328628154586
-1.916100552772979 0.5485730887609196
0.0649894456230692 -0.5032119535938198
0.3987475464465938 -1.6200096968054365
-1.0333813848491866 -1.526594371165914
1.2917664162352505 -0.1536288450395979
-0.3910524744193741 0.6843427633612417
-1.1170488064447635 -0.4275264622745621
-1.6176564480749778 -0.8844315942185133
0.8585223550272192 -0.3526922337757294
1.020919631929476 0.6348934271142357
-0.057390124384550725 0.2286578274788609
0.8251176352233375 -1.338193228282749
0.2915782484577266 0.34132647682277917
-0.34422184027289937 1.6703367917124285
-0.11292832914792812 0.44359494465029503
-1.0998170042614586 -0.5998378699219755
1.0939500485243707 -0.39773891743387757
0.24660493210578913 -1.0167981710911773
-1.6779255683193484 1.113840493207744
-1.4850266216098609 1.0329556004761682
1.7218920923384082 0.5981899118347624
1.4383274088705331 -1.813051942135965
-0.9888005277646768 -1.0684804205343108
0.2609913272338471 -0.5616260067203509
0.4341860160609323 -0.36980227768970664
-1.0530425131764558 1.3494362888928615
1.1856096215878602 -0.011259003529156543
0.859081356644063 -0.1558003057079289
0.7824562935110565 -0.34947527506889375
-0.761640368761472 0.5089353093539857
-0.4269841965571214 0.7881778129212493
-0.8553995365808407 -2.524387574007934
1.0759132722566824 0.23129783355682057
0.14710978300733915 0.35799448946220425
0.06465414804633889 -2.558414139008831
-1.82991766354682 -0.7672395182228807
0.698748513415369 0.2310833192844599
0.6126304822606277 0.9966129292574174
-1.3402368718751831 -0.5677175165852726
0.3665998756752318 -0.5564669233492394
-0.17089082500291156 -0.1567316294715078
0.3439573944909276 -0.07403498589957624
2.3187660576570766 0.018183340757312903
-1.251041677251417 -0.46177041262230223
0.9810969531813633 -0.3734517800907774
-2.638122804158157 -1.4981048108587145
0.6516994704568088 1.2428455921816015
-1.6415973989070158 0.3775500234983972
-1.0812030338264003 -0.015038643081345808
-2.913244311968066 -0.7849525225304089
-2.294812955704255 0.2641939841258129
-1.6894771858480293 0.45569868799063534
-1.0680765940516976 2.8231528475781276
-1.0119486843180154 1.0233356909784734
-1.6427950307218637 2.499430749327125
0.48170785351007267 1.8510014412915505
-0.5817524887858075 1.205046989713089
-0.3613753172969842 -0.6211781026342732
1.6917889430665354 -0.3966067785808976
-1.577071280300653 1.5690466261371792
-0.9664124139949679 1.5461198402799974
1.8825374150589502 0.7034547512764968
0.4756927239788004 -1.6464936680873328
0.6361283873631732 0.6717033501899954
-1.1213697950487618 0.1437795292363976
-0.6880927355502029 -1.9115366963776916
-0.239599098779631 -0.6002405447461034
-0.6931474398562839 -0.18649942492171095
-0.3884385171983709 0.7087249896477976
0.14722024000431982 0.09267841920002555
0.1455322738187156 0.17829799982075134
-1.0870933644342469 -1.460250237715498
0.36655634009255267 0.8154670070996072
0.762658879529347 -0.6578351353498821
1.4589727109932893 0.9615404391108728
-1.7216090705317695 0.042204916804666745
0.8026397961577164 -0.828168026468285
1.7121822217221467 -1.6444706042720312
-0.6385625012099106 -2.7224233179482686
-0.5661994915016434 -1.8512419953690245
-1.08672860237669 -0.8552045229502733
0.36047077710397707 -0.18454068799671325
0.3697090564309038 -0.8136121655432933
-0.017642152560683053 -1.0224711904794648
-1.5877260819646932 -0.13111433089759097
-0.5616916661007919 2.092920178210345
-1.7259784491663088 -0.7905376509514249
-0.39738940073378876 0.27642682180059996
-0.6146826690550434 -2.025423065524217
-0.9837863900327332 -1.0882608864014245
1.5691548359273526 1.9392109753281848
1.320351518010224 -0.9771014247915387
-1.6445226899595728 -0.5620511248503822
0.26195065674808854 -1.7654082117392411
0.7215872745144473 0.9559158790477268
-1.2275478184306137 -1.4944276519121877
-1.4007309123572635 0.1766512754690681
-0.427860027295862 0.7232495063225589
-0.17106079522249282 0.25732640162899495
0.49174564349721805 0.14960459241809906
-0.20088159929954172 -1.3559485556543163
1.409077514397094 1.3519152623529191
0.15015197527618632 0.06939906300060175
1.3596332261074886 0.4817426776001414
0.670167800806177 0.13822018530144298
0.8874732685845633 0.37369261920553476
-0.14094931878577555 1.179453894712704
0.40079825909161443 -0.31926343586977
-2.137052654978094 -0.9544678234500888
-1.6291159146476488 0.5225407550987016
-1.1863274778037078 0.2659595283940317
0.06881732577898694 0.29706297714133534
0.572754614422572 -1.0845841737085566
0.24615558902401888 2.031313718237011
0.9469918442148142 1.0186292146450102
0.9642178328294405 0.8313864546713834
-0.14152013291675944 0.7268571658334528
-0.5231777399919455 1.0229025843972093
0.832633673089916 0.8896774238248067
0.7492992409098295 -0.25145137563885633
-2.171133110303864 0.4421410610843327
-1.6019435516860354 1.447470241013709
-0.15898842463267152 -0.09686061819675977
-0.04617138774341966 1.9557368266082553
-0.395535393030332 0.4022691247899822
0.9755946621829995 -0.2288739909905232
-2.3259151567900935 0.9033033330374759
0.19519788416307415 0.17578248212498312
-0.007528484902169397 -0.8843802995013006
-1.0779337271371883 -0.44237718935170955
1.2090294106756707 -0.3742047071556582
2.6723226806391844 -1.1011189439065265
0.45206164462196524 0.15059523917267284
-1.164441015051329 0.41307848680280296
-0.5976055592528519 -0.5957917153149357
2.0046098877648117 -0.36130828302347906
2.445784060232772 0.17482624631599214
-0.8356412238195742 0.7606273755374298
1.7838411570831334 -0.38181748376349195
0.340700472460748 1.0666828577368768
-1.0243830798862363 0.27340039987367826
1.159851387512863 0.3356918821261551
-2.260994293288696 -0.1333417549816991
-0.17551371316035935 0.3832953731453756
-0.028810122155507798 0.18536462720717745
0.014972839556783017 -0.084401422558418
-0.3455897952304818 -0.5264260666106758
1.0618740952259065 2.4629370158872885
-0.050329324141428385 -0.636783016324747
1.5315517843259823 -0.2085544747370652
0.07719792640582517 -0.8850281368475861
-0.2428063333124799 -1.200531450284416
-1.4064670937969788 1.198131486304157
0.661929577714118 -0.015347180155520614
0.2970473789062551 -0.45567048974950347
-1.7325179254642669 -0.6606564423183724
-0.9182052979640734 0.022528815164196005
0.087642088723159 -0.0146142035308072
-0.7041060510505559 -0.10532084955721642
-1.5449876497668689 -1.2960995557975192
-0.8556368415967528 -0.12144374097854199
0.06952430893896236 1.3972278032288006
2.0332466274381185 0.613802448066522
2.118325264742734 1.4030902002674137
-0.5168677615420618 1.3789138001464418
-0.977409182348376 1.0329761527613182
1.5451278067662186 1.1105276514331002
0.29144556137820243 0.17514884318927007
1.573918264945921 1.288710206857832
0.8065375337528203 -0.4916107471203328
-0.47694757044252223 -0.19962126343735798
-1.4262886038307014 -0.0480997875819849
-0.6640102847371255 -0.8797964728690408
-1.0218767622265936 -0.6427960798602848
-2.0145065646514055 -0.6721867929263238
0.41152383852817215 1.2251303331119856
1.2909192239355445 2.025176176974886
-0.2975367186625654 -0.6042149079501573
-0.6269304865287378 -1.3989265179194408
-1.0333070565888425 -1.1365566348288136
-0.43144651451365296 -1.2932745781169015
1.9299151776743049 1.1272791543030254
1.257857423036471 -0.009866380585276729
1.5728624843768546 0.12071031044299593
-0.7545056483654254 0.940825321347881
-0.09138941079433907 -0.5076328368964551
1.341520511074604 -1.8956135690131664
-1.227601958796259 -0.26323139373589927
1.8854719935189719 -1.3157977487903556
1.6672783007794552 -2.6534587239726366
0.5150049762622096 -0.6181290618907489
-0.22351816963632695 1.7045762387816625
-2.0832533907522905 -0.451487655628374
-0.8899215120937963 -0.6764813142077951
0.4614569167025293 0.7754942803452428
0.30188124630868957 0.1629897510271322
1.043120531128254 -0.2590812679586077
0.33513676798447334 1.1105826107534031
-1.297923692359528 0.0029711499947013983
0.8593865308259296 -1.7863382474819172
0.22600375034434222 -0.519199936150812
0.12131128058198021 0.35196517383486964
0.8078577311099825 1.4197786157518018
-0.06174279468577508 -0.5733009311189071
-0.25494599108754723 -1.0164275456209213
-1.089646861950798 0.6040898920252327
0.22634672124936758 1.7149028370928665
-1.5697862548497876 0.8000734358495346
-1.1470056409390947 0.40467073588067026
-0.10559077493596118 -0.022051725713105572
0.1192313507792748 -0.04526016127330145
0.4898665397861763 -2.1924631618337616
1.331499754180758 -0.028880686214935065
-0.8767383905689232 0.1433641862983218
1.3769736803969261 1.6118469557354098
0.2834565829938622 0.09165236994230427
-1.340154947893063 -1.8873123397099434
-0.32023637358420437 0.3674874445957818
0.25639770515075816 1.529427678609023
-0.5314742882628011 -1.037869341897366
1.8863492316569268 -0.04759763200430526
0.9249666443716575 -0.8984753639613139
0.7042434820171117 0.22522077475958183
0.7179447921159862 -0.2995677059685618
-0.742179463313519 0.6372647446577386
1.085027378368543 -0.2157548716175402
-1.624642216835617 -1.111938090639876
1.0204361703291354 1.5679937733471652
1.9258100615719878 -1.3268874227425709
0.731150381233281 -1.795793499094736
0.645811267680503 0.07462540348094769
-0.8746860589137017 -0.8064766030498163
1.1282957455890592 -0.3303526378575527
-3.123686385716074 -1.3665605638004101
1.2663825763061032 1.2057339072608169
-1.0078249141520412 -0.3870511925272748
0.2599402000326678 0.9223642896730856
-0.268654822633601 0.5691129200370874
0.9682182610767994 -0.0635961729007152
-1.89571080568026 1.3149455599323956
-0.9832335043933095 -0.5477492855745177
1.2423268840823285 0.5982095201950374
1.6626952707160465 0.6659581904625954
0.9494520485007069 1.4984853328293655
-1.5093351840978306 0.34989068073278046
1.3388519321546668 1.6729897289187132
-1.7142642544636113 0.08806074297165796
-0.4879590622912216 -0.28614054425141905
-0.9038224412682802 -0.08587264925915897
0.7763471783807391 -1.6343383822083066
-0.8623612024599716 -0.19991976992857982
1.697481229009595 0.624162326835493
-0.01446804479464589 -0.6425298105739582
0.1655932537989717 -0.837977426360337
-0.4389904364124254 0.5709349517081194
-0.07900377175020157 -1.3083712680356856
1.5242985380536784 -0.24986855404614836
1.6654377405726062 1.244099536287653
0.5576129403297133 1.7814175546281796
-0.25044019981923055 -1.290660609163652
0.01888858609547946 -0.05974527353253509
-0.5522300604658088 -0.6207004932494329
-0.08504348729767369 -0.07331890277602507
-0.19006327280316793 0.12990652315608747
-1.5139620230099642 -1.9484062294094027
-0.9759436002436431 0.055236858098679474
-1.1737675749275258 -0.3020941741328744
-0.08458627840860283 0.7892404532373414
0.8430121227296133 0.23269287180941756
0.880792914239865 0.8877902396684233
1.1233392964300009 1.0214425799998335
-0.34198706536977275 -0.46820288410564714
-0.2081679063371402 1.3784442786875586
0.907886101518782 -0.7369174759360447
0.12512935504884554 -0.8576689060938382
-1.1798960647901076 0.2868994643353013
-1.2085370223746241 0.48825402779130533
-0.4323168980377453 0.4767701324073762
0.9110532214851322 -1.5439598890768302
-1.091392435447835 0.8518474860709161
-0.2672148095618297 0.563327025899773
-0.7279456256866882 2.3595529111332585
0.28752982756884315 0.007638531560028485
1.002281684856626 0.3924774373419798
1.9678062796970666 0.02408326327681055
-1.2951901606990803 -0.016074930082295456
-0.32591365786962273 0.6260102739143819
0.7968718929836216 0.8838932596400336
-0.23150053664374182 1.2395256172324756
-0.287670122849258 2.2848560266997615
1.6534724171501822 -0.7209035634182622
-0.47195477491471877 1.7352016167514597
0.1307237082356067 0.6842611720808426
0.6220907535130344 -1.1233633255850906
1.0075105769106423 -0.5634447530375957
1.0136833502474456 -0.19523141486926318
0.7909548093197946 1.4638071566821589
-0.9073826671540433 0.2386553444472674
-0.8376487940917832 1.6282571843377236
-0.6584174116449194 0.2076937189100772
-0.7586241929088996 0.7588476016626671
-1.0209178956906686 -0.34662984332956526
0.7149659791365327 -1.3458510514589728
-1.366187640036209 0.9886875943566964
-0.8098417599362345 0.45372853276576336
1.117625082085889 -0.6757658728984663
0.5733827384248111 -0.6337247784363406
0.6773093969858008 0.010310021311168881
-0.6411715657811828 0.3930534857974202
0.6308537085327507 -3.8171968090546975
0.2170483763209768 0.7857175942518362
-0.38437936610557855 1.1961133245192186
-0.6378550295813256 -0.09069194382130431
0.0974770757251074 -0.4691348333227423
1.0666117949583342 -0.07847514107758434
1.3620818236355108 -0.9932158151597055
-2.590217226426012 0.4458898939137614
-1.1371731560963967 -0.9039273704717335
1.9853495955428415 -0.14744181572475024
-0.9697168291415986 0.7649920129384357
0.9035015277038994 0.05582546766588176
-2.349722682634968 0.4373590780193056
1.3958615513045873 0.9389321580607319
-1.64718012645974 -0.17478992935732468
-1.1720684786087818 0.9667733843691129
0.12120981802813754 -1.2441119874378843
0.6092383940491525 -0.8006081341970467
-0.40990000193236775 -0.5100464274009325
-1.8735822159030262 1.5796486362309659
-0.38117513451570895 -0.539352361635931
0.6894863131274287 -2.2486028643903158
-0.7003428361248459 -1.348536878145543
-0.5799301597646653 -0.19224404750145677
0.09553314697928654 -0.7096289727836831
0.033648507693727805 -0.6467448227567689
-1.4435271016370896 -0.2516031771307436
-0.02472880740896512 -1.6843324895659026
-1.2418908755222915 0.5172261325756176
-0.9643298273591495 -1.7122051776721776
-1.587744644172864 1.6633217394123387
-2.1742380595542485 2.0218776406043637
-0.4832232555962719 -0.06422304521986634
-0.66297336306929 -0.1142347340519544
-1.2132995721460964 1.0076573306299286
1.2522933832400718 -0.4311420624950967
1.2575798867827943 0.6249912812806795
-0.05542068778385086 -0.21849259481194763
-0.3532989858175461 -1.2481409428428871
-0.6696440959453877 -0.385720261268557
2.2197933277245214 -1.0371152387075055
0.352212514380167 0.14666232089440043
1.4610473796134522 -1.2952269287388867
0.44539596275420673 -0.9088099039179195
-2.765592007115477 -0.4366878786649686
-1.6472633757113373 -1.3454491240651143
1.6246323813480417 0.8220878107954994
1.7396570650061332 -1.8969564075432066
-2.328726567987819 -1.5958054873555307
1.085227146178541 -0.29327879070606794
-1.4379889320876276 -0.2131889480167054
0.9844501142083337 -0.1466988651412214
-0.370507724874145 0.45083022741085493
0.7351553831952498 0.30806843079477225
0.419952850540835 0.9468793328440933
0.015855030709870842 -1.7500972192108235
-0.23502385067104298 -0.37195984283422984
1.4832648065988756 -0.3542864624385356
-0.9926256200363446 -1.7119943430540494
-0.796734557352262 -0.07360142414861433
1.0018717655228346 -1.213552301402212
-2.2105950480967156 0.039521504466244
-0.1598567957483239 0.08808794299063973
0.8662707052016918 0.4508682659048713
0.22245449428491695 -1.6492226395253222
0.24739052109377255 0.5582088417066714
2.577734003934504 1.52700901465005
-0.48054592665309953 -0.5224086522579588
0.06466562050802205 -1.5468732857397776
1.4155314340284997 -0.8037184773535514
-1.0652298791604886 0.19586168554391
-0.4645635314681116 1.0829067219349904
1.623525232135413 -0.8191823546519168
-0.6375425333206158 -0.6823125196881265
1.513544153613233 0.045923141861616036
-0.676283036124109 -0.016562469281301118
0.6570091386311978 -0.16531829002913065
-1.2400280341782541 0.2660878297020974
-0.5832530445536497 -0.21266881043019684
0.7447492578788911 -0.7603218805099221
0.28568271140047957 0.24883735997430548
-1.0325010216936124 0.3674930015072483
-0.9338612188789633 -1.9282170290928515
-0.20527760394804967 0.4731041872205424
-0.11878056126409284 -0.5836339529509897
0.8446281677917328 1.524292604890692
-1.2421988265465156 1.3264030945647667
-0.6797467179367145 1.0619890901835354
1.2485018636882792 -0.8261349377800776
1.3082949419691066 -0.6520209985394904
-0.24966251112728183 -0.18569098747246163
-1.1901936760278171 1.054885564471461
-0.49022718998206305 -1.0818591935517012
0.055817375325458676 0.47658993205475386
-0.11314106147138821 1.1904980299213617
-0.06889756674581653 -0.28801531769432204
-0.1470285988367093 -0.5759804897601121
0.004658733293294115 -0.9471242165299733
-1.5103035167482521 -2.453337285884493
-0.007147005491520149 -0.11667102409667557
0.7348139839241614 -0.44580725303914037
-0.8709369945852757 -0.24665217258661482
-0.06407670751598742 0.13627358519044905
0.46673937541506444 -0.3985348943086159
0.03889883349955195 0.13510346756313293
-0.7007197425405172 1.9955145398536647
-1.2593850719584938 -0.09248832349438224
-0.4894793196233572 -0.5454300527003975
1.0934701779173635 0.657336773478866
-1.0263312773555486 0.06274125577358036
-0.6885787632704748 -1.6796167201193912
-0.43097488414052176 0.41550157275031907
1.126638475807998 0.16552787935994237
-1.1606753822413949 -0.053993861877705315
-2.197311499937494 0.43342200068701986
2.3057410352808705 0.10627288515506686
-1.1634418561454125 0.555533308309735
0.5460685666830701 0.42414208551492383
-1.119829220669512 -0.5381243676971054
-0.39983744460055637 0.6474199167356012
-1.5538066730185587 0.47017905364856183
-0.09900023816781661 -2.0329119386766856
0.02997391586941079 -0.09944921308607554
0.45210073579989635 0.5358033076402456
-0.7031318985443645 -0.62306234484756
0.22055568132765418 -1.9794658948829664
-0.09116080757318232 -0.8180697203810883
-0.4940382614205274 0.6888869477705533
0.03916933681601404 -1.5078518382217905
-1.1144049610095268 -0.3290556785352402
-1.8205718385831644 -1.4789018674284302
0.15263522524092066 -1.5650378051603664
-0.37697799809079896 -0.2573261619983433
0.7349768480198434 1.192190359377368
-1.1161201788397064 1.7164283806918472
0.2162339469419303 -0.30552734099943113
1.7903991656259 0.1138263320997539
-0.22605149482497272 1.1330584983642613
-0.5742395908839694 0.8244964837090433
-0.3419958128817011 -0.9481408912865658
0.6392323530529052 2.180460978777031
-0.8266795326922063 -0.64037608396318
1.0639307570696181 0.19894893548352896
-0.3670987314463901 -1.132002820313011
-0.16247682344265463 -1.4317847748171828
0.13079652946325648 -1.0432263770787136
-1.2270185593616914 1.0176885281696004
-0.4657458448585268 0.4273561700284228
-1.1855343087925585 0.4132586261074718
1.3434636157421902 2.3410150018005136
1.0422718692791715 0.28799946522312136
0.675257737035428 0.7304418331127005
-0.5607471652427292 0.5899728215995528
1.6324800496101788 -0.15888632503355762
-1.0433113651670685 -0.19741911909428397
-0.3151121812505861 0.44232376453037897
-0.5094520475911477 0.07661124645740672
-0.39816260746742116 0.5670464049230565
-1.374504926875993 -0.3573681999166033
1.7821408612133496 -0.1623131053620478
2.1657352826514082 0.30797949086095605
0.9141840354018331 -0.7772171286513709
1.6068825098929638 1.4097239845623384
0.8480451390913943 -1.5728155915377298
1.4417681971384506 0.8553203134833917
-0.2153165623391497 -0.39453208238864884
-0.8043299534843907 -0.3461877901036168
2.455673646022204 0.2781928010967507
-0.05444807363283318 -1.0604969449935846
0.17856678503153706 0.6217316300727096
0.26872337509391286 0.12303656194797337
0.7863030787267878 1.3542401668662167
-0.43145835694789464 -0.933916577534645
0.20579524756036782 -0.959744841973895
1.0723018612955364 0.2361973907480982
-0.5385176985044963 -0.7338088877717804
-1.3751748962865336 -0.3457160623741343
-0.2532689580702792 -0.5867523118460038
0.4364395356383659 -0.36020882759017736
1.3279690536348716 -1.7486367772411868
-0.6884598246718311 -0.2689453629589976
0.7205495735873918 1.023214020860126
0.4034584432264429 -2.746538879017964
0.5229267717290023 1.1326986656735911
-0.12324912743103397 0.6678988308162623
-1.007225104877191 2.030655016019299
-1.178201592927196 2.233157280354141
0.3880410908096476 -2.5481110652690533
-0.29769386633618344 0.30464628216483697
-1.3183546542952695 -0.6039479906092703
1.1094801989789846 -1.1134119829085083
1.1253629937483502 0.21837924690131988
-0.16316516514385807 -0.6390114622758399
0.1748456948577898 -1.1977033544082138
0.30596751505186837 0.5453917305528589
-1.5746798214226019 -0.4620433214880133
-0.7867291407435817 -0.5057788254142941
-0.33628177670526677 -1.057068176743344
-1.7301726528746626 -1.4607927044576277
-0.317207005606117 -0.8022267638770025
0.26798262095594716 1.3038187771896477
-1.0780157195540483 -1.1273089248596955
-0.8352012892523443 0.8616975760412627
2.2005886562209063 0.7345454732375359
-0.44244966180899653 -0.14299474784482474
-0.4377254139534559 0.5717482317183258
0.8745139027115694 0.8101597010307254
-0.7175763485166134 1.4954635242696221
-0.5117980339487269 1.2097637521125837
-1.7838068159009994 0.6084552508296349
0.7978090343333083 -0.40521894722662044
-0.8557553985473545 -0.7211626348473121
0.055054377245019624 0.529242885892425
0.07171110542620598 1.6696299283031637
0.029410491264145924 1.4349826141237074
-1.5859789227710401 0.7505588419750087
-1.4143486142571478 0.9249552311858472
0.31605873930361417 -0.8537117385023909
-1.006210627128484 -0.5574782955652472
0.7920485566113734 -0.6094689083209227
0.36079381966920665 1.4637147828937642
-0.609136472606243 -0.5464296947859896
0.8107657607490811 -0.30772752640339257
0.18603338822884055 2.1134061266413497
0.1978600467714008 -0.09233051754474461
-0.22921029580411828 -0.11546251474915478
0.08460665138660245 1.186805977955109
-1.2042001490540615 1.1924062770994923
-0.15931863106935257 -0.18869451034897575
-0.11813710773971431 1.039471287511194
1.5014985600105066 1.8037997912645638
0.3406147538790403 -0.18240344692205376
0.6837472599582999 1.6665645931365383
0.4265091897166057 0.5605898718932282
0.36077963564707505 -0.8029307329289896
-1.571268860262682 1.610053984882676
0.01996363167581407 0.41929143997851315
0.817680459864593 -1.1564868590611632
0.18362111215812546 -0.45877957163681193
-1.2840318618794622 0.6408353293284597
-0.2488322339223356 1.1864568155914232
0.8651157849864131 0.5671323528044572
-0.09699839645915767 -1.049021227768548
1.7061472220581257 0.2149402037422607
2.224340439318 0.9610292893228961
2.063145153199487 -1.9353021173084572
0.6306435951973167 -0.18919174230054908
1.4458241433165335 0.21949322967462853
1.5063492211220655 -0.19555087336288537
-0.27401612724831825 1.338781318700896
0.08347724395509404 -0.5769015087441377
0.3362679341192112 0.1454305320019459
-0.11677573645842536 -1.6546582291257854
0.056563709459006 -0.33748874197541956
0.7961735763161826 -0.9198370463015912
-2.0646015981056123 1.037421270889484
0.40216901286998036 -0.16477405183178304
0.7331331380435164 -1.6609873426979205
-0.8798017974100256 -2.0943122416451043
-0.5969206662901272 0.3760611712721362
0.08849361199229167 -0.19594910336412982
-1.2727929959591124 -1.355493927204432
-0.353674776884668 -0.47291302430310583
-0.729614854984313 2.7834901818231383
-0.5167877657796335 -1.3383209329829038
-0.19304357317816942 -0.9711325539136919
-0.6805383088024564 -0.10793465823897574
0.7758624829807907 0.036860744392482964
0.27033907934623536 -0.8881885211476304
1.1205622018139738 0.4453264905143816
0.30934554345516285 1.698490548204227
0.5345413350775414 1.183724357602885
-0.24210256016698314 -1.9856159915638032
-0.568756757954425 0.4154842643877091
1.2491079270586487 0.34756569448862107
-0.4956862163869785 -1.076875617424679
-0.2449403177312187 -0.17579139083068457
0.7183592638951206 -0.06976986862652844
0.36534434918215414 0.2928783655090383
-0.1596027759363415 0.8967508485612394
-0.28454705873375596 1.2808427459682978
-0.6588342100742941 0.7918441697375825
-0.5512529423205696 0.15639354741320555
1.4293771448453876 -1.2657611035785665
0.9964545083859008 -1.3463378452750523
0.8673011501515586 1.0887107234812454
1.4198427195474497 0.6979937039837266
0.34538928484293324 -1.723208220959705
0.011754097153065874 1.3692110677690623
0.6572521417328002 1.1343950184509355
0.14681477088934922 1.537497916933765
-1.5671995763709827 -1.1902419541205367
-0.9343421356921243 -1.1196156497165861
-1.7422705088476171 0.45365066814385785
-1.191166707967856 0.1571472278772038
-0.40684762328606816 0.2587239453846893
0.34433413864720125 -0.08181793389992235
-0.1779841756585078 0.6964350198734043
0.8022694740235377 -0.31225054200065694
1.340136340008675 -1.7278324508146143
-0.01777517750814595 0.25256444061167516
-0.8243773623049785 0.9547503585991398
-1.5210702656513067 1.32216228142449
0.8826006670435317 0.0351421896743135
0.12651496579764626 0.48347619491964466
0.9726840205286099 -0.15261094905650432
1.5294958862282402 -0.4166794252869276
-1.3977545912959513 1.4241872997047484
0.7722049657498984 -0.1626524506831694
1.924482570528742 -1.1267917104043732
0.8534857288885813 1.9087228903773057
0.7595551607091295 0.4448963860233778
-1.1416281805846316 0.5353666833708577
0.5984330758550598 -0.7438391660217272
-0.6518697764597488 1.077791890203382
0.3863334313556551 2.0190287869866945
0.9119388893002794 -0.4805250777529264
1.2497203572554816 0.032686982691779824
0.13295637547187894 0.401903192658569
-1.5370662139022266 0.8794638291941735
-0.9659003224415386 0.5615278327917814
-0.19359458683710742 -0.045305238369216856
0.9671423867285852 -0.33812287230189364
0.1390973637131244 0.3984255994301978
0.7367028885162101 0.6056526994272171
0.3431020291899287 0.15111384131839203
-0.5203782697218022 0.7003138706446111
0.8885382978380201 -2.097241526229563
-0.704177110690046 0.3835028321730636
0.39984130171911675 -0.7323646189583373
0.42308282009926723 1.5080960243816675
2.649955500962332 1.6770104146845484
-1.0386066302503598 -0.37060636158600724
0.2899162751485796 0.37840770876001795
-1.7235672982013226 0.36417098216512933
2.299035363065479 -3.267469217729413
0.4105301341755468 1.5231285110823385
-1.3389221394919693 -1.9215426239026678
-0.3618769545982271 -1.6244384010163448
-0.1543878019952204 -0.39919682216422897
-0.5437969232198917 -0.11623323220065677
0.5652513293768335 -0.695206945809072
-0.8874880093050732 -1.1344557753486761
0.10861956806781645 0.520768654543686
-1.043113965566624 0.8894492311402132
0.25171993008765725 0.5155385316221232
-0.29376212856227046 0.11695192139412731
-0.0320802390753543 1.1154964160768401
-0.7320380640306402 1.1307820221113623
-0.8711721254976653 1.7482763993670452
0.3767581740524361 -0.06426077198413917
