-0.003647612274872314 -0.025185947423984483
-0.03392495353775094 0.009892345719715288
0.039982525778020125 -0.06610021950433369
-0.005303565005231003 0.048246931352330866
0.15099111174419527 0.050631511358571836
0.018929687798335267 0.15145882078580397
-0.08230869116207593 0.01900261544291519
0.0593254310119501 -0.10185922596778012
0.004129466727478793 -0.012520501837752617
0.07119257665499894 0.06550382178612664
0.1773333030257483 -0.014484276911432122
-0.01865901498996593 -0.05756607625121568
-0.058067412742551304 0.019145826218684738
0.022224014830449012 0.018158669973094416
0.006714163733429423 0.010107839260123236
-0.011161135137846456 0.05952476269408473
0.061093456508670214 -0.03818914509878543
-0.06674782733927176 0.0662188401826032
0.04603053964061597 0.03425633653991407
-0.13158187490365877 0.09979245572088144
0.12414887796227932 0.09505932285952996
-0.0006875963440833593 0.03769444218976239
-0.11439648981006115 -0.007526233253533665
-0.1436725012120869 0.0840094457656145
0.059766476218833214 -0.01381959332509113
-0.050181251837542004 -0.16055550867668017
0.04571291093825192 -0.014259055468879091
-0.10388477204789426 0.06151028451376769
0.0834017005018137 0.18071293890582402
0.013756455373738659 0.023585951055752872
0.05395149488813382 -0.005309925825333413
-0.027230779967516716 0.1100932909973355
0.13592809562831065 0.015834631883656046
-0.029746021246686686 0.04892921889311045
0.018222812542559027 -0.10344577255865879
-0.14156257846660622 -0.0408761618613833
0.09086902722063793 -0.005477415032529354
-0.07358674455345435 -0.05504875880712046
-0.02090266778943414 -0.09999211859548741
-0.017329255084045533 0.05453628878078744
-0.004640272601715612 0.07755950115519956
-0.12758833239502493 -0.09921095404866323
-0.06396624850182893 -0.11840741897379187
-0.10529285347054974 -0.12437851719125113
-0.06461922767449318 -0.036321397514909586
-0.08178937322215123 0.021823288440071604
0.03308968892183511 -0.013654286042213935
0.04273773778338156 -0.07776445149273685
0.013607440710111865 -0.05959348733909394
0.014932736114219632 0.0004540029954065855
0.0013657267010250065 0.06812136023621801
-0.01677628250566713 -0.07431427465026641
-0.010191720027859404 -0.03088957583448223
0.0514007662160064 0.002553255592627159
-0.10438523547142999 -0.09275002981028962
-0.03456916846750986 0.05448957911316952
0.035224273300248174 0.038764033645638164
-0.14522565767825998 0.0830208591889533
0.08742808849346652 -0.007387045311006243
0.07507107284552648 -0.004789090600602475
-0.13010150469392634 0.022884076366406936
0.051946823600674256 -0.07851065275146518
0.025278171745814607 0.07489091819657148
0.049863098321196585 -0.020679536695136
0.07134284632589302 -0.1613001881064611
0.07623775968629383 -0.008805256622165154
-0.0707771940269884 0.006937551599250625
0.007554746324729842 0.07806350558541786
-0.15064329722469685 0.019850405627709334
-0.015914658178414365 0.0776197186480533
-0.05851699400355001 -0.11616759873994507
-0.06733933230642579 -0.035027231677256784
0.012051972168964663 -0.021861396150856218
0.024893722893175763 -0.022789027084208362
0.019866831652567685 -0.0482545940164924
-0.03062954161041083 -0.10899237292271817
-0.03434052696399896 0.09865065624725652
-0.15074430365035196 -0.051593510438100475
-0.018679898185158566 -0.013770297940000174
-0.0009742480571850138 -0.05339228471592207
0.05494773803991555 -0.05582405067893718
0.03077961143509624 -0.011488133475814408
-0.12275014635441298 -0.049532813299339964
0.09662493452303565 -0.061368585751803706
0.07068922607569512 0.11091413978455548
-0.0727669412291343 -0.02134096397188315
-0.07154937380036087 0.12582411587947878
0.035109961612738654 -0.09914524386885691
-0.0011204560539963854 0.07629162576977654
0.0667492066950629 -0.04069314480268725
-0.05598771153659528 -0.01461043496160904
0.004483280740344452 0.005000615013662463
0.004229566683984797 0.044531680342079945
0.18505388113104976 -0.09675851410107618
-0.04824244355033378 0.009101316767546344
0.023155675203832483 0.071411504568739
-0.037472067702662766 -0.009752099009814713
0.06084562182437591 -0.08369445510198197
0.021685114084356496 0.037222033022608424
-0.011092472942759496 -0.0678471762043816
0.08221590894648408 0.05069899856645259
0.057593370554184765 -0.09982125277605419
-0.03435987390118964 -0.056122757629101815
0.027488531822551083 0.07305859759526935
-0.0052958573840299165 -0.05149603055671535
0.030462141607199216 0.017540310008885448
-0.04979744744912131 0.08519178010021529
0.09353160796897803 0.09160976974018305
0.026825858004676427 -0.03263293579778158
-0.08599705949538608 -0.051229286625476544
0.05807613698341187 -0.0013998917447141817
-0.06705936011148801 -0.11240473469932569
-0.08750192831262384 -0.030428268346089006
-0.048109494440820064 -0.029081858683163042
-0.047612096566660114 0.12257938048473725
-0.10206144712241896 0.017919310452902168
0.013103798473465465 -0.0492789104171278
0.056647075566679216 -0.1337963935765991
-0.060930321180064154 -0.005049891850095431
-0.13195498104914236 0.0858282819058782
0.026045478169672717 -0.11440914690225976
0.09635296413536572 0.09914485840280045
-0.10829803596573706 -0.027309027347895927
0.14021905844787608 -0.11464534273627541
-0.08578368592369172 0.0052838821585436645
0.03896537544182053 0.14458244266992187
-0.017010512590916283 -0.04396927382838127
-0.002822334590013522 0.1302275291938077
0.0007979211913505512 0.045613460495549166
0.011620966793494024 0.0660727933401456
-0.0686967525697403 0.03925194369171485
-0.04969668779337387 -0.01244736220877457
-0.01353333986214718 -0.003064281143001023
0.002218034230252667 -0.019886464517747306
-0.010699649509622256 0.13864565991629096
0.027562904870435626 -0.05284164989726248
-0.029791031716502464 -0.03866239391480714
-0.029165180731040616 -0.058221658549967144
0.03253461624316309 -0.15122435037387927
-0.006014680586418668 0.1192468754707055
0.009802812925225165 -0.11057168590521814
-0.025401151560953426 -0.004097587289176837
-0.03736574131556935 0.06567852046719042
0.05648995479387387 -0.049501354159139914
0.10488178146170257 0.01406812095196701
-0.09487599583929432 0.021145039557910326
0.018064355605008332 0.07855818134759086
-0.042328314550440956 -0.014724109302353324
0.08395101231674458 -0.04321513246368391
0.015849414486934225 0.06323479877749587
-0.026981429271658818 0.0826083391622321
0.007889786246627024 -0.12103176396756112
0.06528231578822377 -0.03763734991195622
0.08048045322978149 -0.05844110020271898
0.046559883636093105 -0.10070061299820825
-0.10962441323187967 0.11634757745681526
-0.1218136630530227 0.04289718282012183
0.10546229984770579 -0.014941059170640671
0.02297739805280695 -0.0729600245201833
-0.0001207709925684554 0.13110628240708685
0.11160313223254448 -0.0072732924445685285
0.002324705489138208 -0.04100541435512251
0.0166297333677649 -0.12028113378919332
-0.03229239487851715 -0.00403312157748389
-0.02283257218662109 -0.07007336188818314
-0.025835125511439114 -0.09554249026402367
-0.015795538744305497 0.04320284654501728
-0.02136730318666584 0.019925259975105452
-0.051190519712617115 0.11038686237480753
0.13104807626689133 -0.13583299731651427
0.0543152084083807 0.029403384811498356
0.09072609676253528 -0.03342880465750643
0.005712134950475146 -0.02703520660997944
-0.11622478561659873 -0.05495853503836623
0.09184832269952317 0.019589102644069517
-0.08692259709716595 0.006976991364692206
-0.15652146396421707 -0.10780055968527649
-0.015390689766435765 -0.01578138486414923
0.09055631087576207 -0.04317814247839798
0.07828660999965856 0.10300488633065545
0.000596441863332686 0.06192849084764862
0.05057809640429826 -0.078641881221582
0.07158569847674998 0.031973843036349446
-0.1594687267676608 0.045295291700810335
-0.011049985127099126 0.016314908720157544
-0.10444042088773386 0.013116182522190517
0.014092933573917055 0.07606449466192125
0.023424688843516873 0.07448001404878644
-0.02319484253406051 -0.04582430921296735
0.02620030122404585 0.02079795297969043
0.0031787117195636355 0.029772470332311667
-0.137860044745258 -0.08516193683918145
-0.04767331609852805 0.006726769192139133
-0.006939398670613398 -0.060193632298458956
0.13815918303639693 -0.028665629060830793
0.007103974603341649 -0.0479771256114806
0.04307406815955879 0.04453622713436481
-0.0020979639774277936 0.07440346721409243
0.01957922491427281 0.07317391874978274
-0.053010796323345995 0.1465591893956555
0.03419254557035131 0.003188931064095266
-0.005564456501081605 0.008092546727564699
0.05283036951615355 -0.04822746064809824
-0.06731369390432085 -0.03979689919411514
-0.11943757177238208 -0.02125286052619213
0.05459108697776657 0.12706432225191946
-0.11889823136005188 0.07210010536602451
0.02095182541985726 0.056449304641251766
-0.02126283819977292 -0.11748135884898539
-0.08069695612136896 0.05599087982525807
0.13353390068352752 -0.023187925168662343
0.1692397788417242 -0.02760472191013382
0.013315953218692852 -0.06358197572029657
0.10970707342024041 -0.007215871190085134
0.022506630883414883 -0.0258716544623852
0.13907462342852198 -0.07410695356143342
0.034122375976137535 -0.12250273751193061
0.05876422358504013 0.04893885699271084
0.03646972646082608 -0.09788084700976855
0.04981059759081268 0.06724176444510001
0.01937872302992126 0.07323210154139936
0.11106618988978967 -0.02466224297911562
0.017611758668797314 -0.012291360652927909
-0.07679572745540546 0.06247557720438678
-0.03960223272571014 -0.07198152110923789
-0.020556426065957874 -0.07624833791582256
0.1306007868498423 -0.025812039085102996
0.06941752685465954 -0.007511457658443014
-0.00855428376775878 -0.02237873518121386
-0.0033699957713372087 0.0508832434105231
0.0663094993647446 0.035396080948344545
-0.02627427298838527 -0.04483834301304375
0.011895737240642083 -0.09067793784526804
0.06264916014307545 -0.088732841875751
-0.07718881029637292 -0.012301233711576346
0.03462468674902055 0.12292204012956687
-0.01988012400925382 -0.07099055647693583
-0.11483395531788092 0.019871011375818138
0.009886931157194682 0.07307939356476252
-0.03943308560765838 -0.012896222053344331
0.10365654028698769 0.09048866260406867
-0.04592353810822124 -0.07411326459342829
-0.018590210487885155 -0.010747285542335406
0.023898182639171296 0.01404424141349333
0.07544158567069008 0.06538464395137944
-0.1246152349581416 0.08358068161855438
-0.1163314020227941 0.03994226839413186
0.03982907742341654 0.04094923342967801
0.0021349917721040315 0.09251870097646342
0.053361880509828284 0.029432279445513302
-0.03220207265485749 -0.00022503301331859799
0.06370416093035335 0.03337369233400363
0.020416964303061468 -0.05051326800790099
-0.14471704400507288 -0.10087590408278403
-0.11049564624932288 0.035201212953895604
0.014498931840888461 0.0828593937780428
0.002158251639943116 0.04814976483224496
0.06989215559253295 0.02006919233637111
-0.07701949701588827 -0.08505156029746137
0.07932460453468733 -0.07139646337352434
0.02715903187713883 -0.08483568518365912
0.028392803261529258 0.04760465125438068
0.06036715979258354 -0.03710989474316666
-0.05982719562772683 -0.07912081943627533
0.14044932952152442 -0.049323389103285986
0.01894859193408279 0.0850333879912982
0.05960467293982497 -0.028312263430017963
0.05746965152672538 -0.15020518227729276
-0.03971069995756736 0.0943277188980677
0.06307009922832121 -0.01963597500122974
-0.013195022404244005 0.08415337153739239
0.1285928253251373 -0.0018153379654637534
-0.06745032805811504 -0.12353300344607647
-0.02827496191049308 0.09233065655863937
-0.12407984309602087 -0.015547422303996571
-0.029620070726800174 -0.028579139456221512
0.04018432450028423 -0.004565398420706621
0.027801813265709907 0.03926602777093783
-0.002725184447948311 0.006376150117458779
-0.024471637690598045 0.079215338524092
-0.08913402055549556 0.04718851767190329
0.050104905963576536 -0.05255197322275525
-0.001741230059696661 -0.024155487571415363
-0.006749982332454353 0.0337741061925781
-0.06697598449621338 -0.14338444778101828
0.01595874114567459 0.027918925634742523
-0.015079454308033207 -0.03900533434032463
-0.09049888057699856 0.06321085438681004
-0.0014248380938976638 0.11539400232592967
-0.09175045950309979 -0.08240695514583293
0.11933201841573612 0.06446578332503643
-0.08738615574902739 0.11623021281862202
0.020796033824180445 -0.025376837301193195
0.054092192340875964 -0.024299405583485204
0.028425570125587944 -0.006922711902406514
0.030486577693613046 -0.10709569880941923
-0.02410989098582265 -0.03862905419972598
-0.031782787513236446 -0.11009183217457529
0.028816537672465625 -0.0798859991973848
-0.10409689750687912 -0.03981168627262839
0.053417118283390866 -0.04249374478335085
-0.04161525333641218 -0.07932540282587684
-0.06180489496902872 -0.026320237755122468
-0.1422590110734408 0.15777821723795607
-0.08077171266819677 0.03269282383468595
0.013326843658688938 -0.006476524082066375
0.002682341990000663 0.04827123251807056
-0.06298488524534608 -0.10229066686466806
-0.049896676711661266 0.07703690336616553
-0.008209525925826841 0.07608871883960318
0.1614300853155342 -0.11796867227376004
-0.03026008565339469 -0.006283407845817298
0.10925655107519076 0.02209897347279508
0.006145479815008757 -0.064086247680853
0.06481706617874422 -0.05373710628244602
0.00382710927327543 -0.11580870044006321
0.053596304883954816 0.08303700869468848
0.049681551955644866 0.009391264787220752
-0.0905758566930679 0.13535946239024654
0.041270902195898324 0.02122227603290676
-0.034690846598182654 -0.0858929223400356
0.0387810263916754 -0.02104506372507474
0.04620902847213137 0.07041509997487957
0.020862507253348185 -0.008671248296510805
-0.015621228773647758 -0.018480122513198267
0.015868441408185986 -0.18654177995472174
0.07246869467049202 -0.07297740384155094
-0.019260459648701902 -0.03612453118425104
-0.0086012736013781 -0.01957914353106955
0.06678024370890659 -0.06675366296731748
0.0696605057130331 -0.047930187910059714
-0.014316492540996713 -0.18046104722086145
0.0031016892487227025 -0.07629014868793843
0.02941410585938661 -0.04301091460752671
0.04184335677893643 -0.09789383096529328
-0.023181175713221425 -0.022407228147161885
0.028604283773578078 -0.05744356083068231
-0.13932219810852492 0.12560527553505743
-0.05406739147745919 0.05260703080832645
-0.020215359926051574 -0.026433534660798466
0.08117112870403674 0.08938889097164328
0.02591633441879569 -0.17900868893170152
0.08924838183119468 0.018214913637425216
-0.052362125075166556 -0.0011997636355554164
-0.011817870281628971 0.0816307929327888
0.07067997768171459 -0.06914363259700387
-0.0452529351824823 -0.06425169084505526
-0.00685584128084596 0.13010724098284923
0.0863518357343596 -0.014574400426105853
0.011245646675827881 0.059940701069101356
-0.04921028869032458 -0.0075252947725669705
-0.02305409165745597 -0.009019921883872217
0.04082023772589281 0.07150821892393834
-0.12779245352770302 0.00267547991148254
-0.06949916095234847 0.014239055461236156
0.013369733840621184 -0.13573509176766033
-0.03479293356488922 0.03562080977423643
-0.026540213773230802 -0.06054589965465416
-0.021293992638293138 -0.03402209547827354
0.11742199843870171 0.11236495921124572
0.012402128608355156 -0.004056833801449148
-0.061379115425126 -0.0628522656334936
0.11632301429517615 0.025141277349454965
-0.062140700051319525 -0.0398004190565442
0.026968015928877775 0.02031801143347427
0.019242107530957078 -0.02037511947987582
-0.012801499283829149 -0.044342614160886355
-0.15610087577187198 0.08792764327498588
0.02977626300095127 0.12119675229462878
-0.05630235760967786 0.006789526486573491
0.12551477966329821 0.011278094621810406
0.05755803650991429 -0.08357606305258396
0.00800255862738602 -0.09455397126745516
0.027453447622715406 0.056040852508558746
-0.02885764258797081 0.07997607966878624
-0.09445581966400793 -0.11351635212858627
0.09947016805644203 0.05219340271892367
-0.041549107103596536 -0.040660048307607964
-0.1193897389770338 -0.0183221905577525
0.06741107260071995 0.021166363097466043
-0.02489486721125153 -0.05422611388792209
0.04348902397727723 0.03462660510682528
0.068753582797748 -0.04241617880894562
-0.0039655510719381875 0.037470506550236114
-0.020891041643007813 0.15204753964830664
0.042160952446780094 -0.07477345734481924
-0.07526411017245313 0.19686641754785975
0.04959910390074155 0.013996366178437058
-0.031246183401588825 -0.015426398656381273
0.03707774962948158 0.013372200472501516
0.08969733081065491 -0.009748995456500091
-0.012056986252661819 -0.13235618093090307
-0.10140751241390308 0.01551108358177086
0.02451295561496098 0.04216279408200621
0.05379412698490102 -0.03288882071861501
0.04366600671690847 0.02665750914260424
-0.05352023298406446 0.08018611215777045
0.03289028072843677 0.0806468978748887
-0.11212614732935426 -0.08126667934638183
-0.11647406152408925 0.033455336004155775
0.08361387764329642 0.11564429845081911
-0.04304073734914877 -0.028480708434893573
0.07403200189940906 0.10885963176431997
-0.05014764797157703 0.050238843147037464
-0.08398851929534082 0.08998736084882036
-0.10556055569706484 0.08308498389596729
-0.04799254235672871 0.09997439733146468
-0.0005113017987313532 -0.04854603502256149
0.031646682846410694 -0.001680849237460048
-0.009907385993865247 -0.07188910882347266
-0.019122533010873667 -0.02444604127734532
0.038050159854717686 -0.01758921236414636
-0.05418183538439462 -0.02807384369181087
-0.0982232282550207 0.04216266167273973
-0.05216666934343578 -0.04947567920258171
-0.03121748515608408 -0.011999090787064811
-0.12441419996320481 0.09814181463690298
-0.19301985805948693 -0.07087419146988018
0.09560270247765343 0.04783082370011344
-0.09568088547762969 0.13101982840992923
-0.019808232725409672 -0.1061784565462951
-0.1069628562429293 -0.1104226658997615
0.053321233393532126 0.00804071176539783
-0.05989187665383137 0.021067725905357108
0.15844687942968813 0.0028225937039362083
0.028764855984653625 0.04976320233097014
-0.0890355616466274 0.028915878199830942
-0.0006596369648810425 0.04527764700851235
-0.030108562550247103 0.11250149022379488
0.0005913526207814483 0.08038922164997038
0.08493183218465215 -0.0136233344691188
-0.018465251085067226 0.14583868568230787
0.02347301378504848 0.10561653952783942
-0.04032060019245348 -0.05165936186854335
0.027104725908673362 -0.08381621995809772
-0.006473656486005768 0.0155144514300942
0.029278392182839882 -0.10217364460316584
0.0871448197013061 -0.05926470941458486
-0.02750712391737543 -0.020381438595029278
-0.0506470138083484 0.03705548629973524
0.11184323821373052 -0.05144081493264674
0.005785310709799673 0.0035636497049642856
0.12548917276101135 0.062301067303809805
0.018137057846175562 0.14614150938773418
-0.030391886672845193 0.05724107494535075
-0.0772434625577121 -0.07359271139218977
0.027627985501693614 0.036331945451994155
0.054469371642816254 -0.014876367637778203
-0.027456575027339874 0.03694038367374849
0.019596176438771807 -0.15633873519284835
0.1027409473548775 -0.040848332688688344
-0.045445870087423415 0.10225600477206064
-0.0017990067060288195 -0.017220092440268554
-0.02651175302464327 0.1498730331880214
0.1057292051966637 -0.04346084549030048
0.013415677133001002 -0.13107852025043898
-0.11795905449867666 0.05127162931282323
0.03215417765608462 -0.017372370606933866
-0.035530705033124325 0.0324515177043817
-0.04134470965886375 -0.03560222899862921
0.0017974833412506912 -0.06207735411355089
-0.14480355917137133 0.04694026492046807
0.0904382113873328 0.0054853053802341855
-0.09077005408795671 0.011049594469779418
-0.16292866932132993 -0.0006368041398289447
-0.16499827553576973 -0.07861912153943122
0.017298637532287994 0.02688788494985834
0.01372505413894511 -0.03351841590993264
-0.08404780489038273 -0.11092181844542813
-0.013046780909551359 0.032330487148117225
-0.05766895791534475 0.08677945380464834
0.0033638989660057608 -0.04904731373190062
-0.09513940425676248 0.08975831739333275
0.009607971397212029 0.10290493169070264
-0.18673831832065163 -0.030796908289298857
0.11189314597704558 0.031381198419764875
0.0712146938624345 -0.0684809019785542
0.043658073359110296 -0.04821956092537788
-0.07580124860658066 -0.011395659865956339
-0.0417545556723491 0.05026112169600404
-0.053158895990644835 0.03739137753799096
0.011759426487944365 0.03062647959607155
0.013844768651794416 0.1272064416812296
0.006653229879912548 -0.061524449544415154
-0.019307162057063062 0.05937947976764999
-0.021747080414540296 0.013096498577098591
0.015701323227907127 0.037195478186330844
-0.024225191128330555 0.06175335062317766
0.008474778175256483 -0.013807900589278195
-0.023472526648183802 0.055428959582696606
-0.0066889636147670645 0.03476953799472642
0.00882904498552381 -0.029411373563663436
-0.024759691800733404 -0.018952312681553802
-0.08516600785944066 0.0686323886826465
0.09702887045852426 0.01755489345395008
-0.01014020461742091 -0.057079085928535514
0.02773438298210773 -0.13656174922002493
-0.03865410803368944 0.0004453738097474994
0.03407507948981489 -0.12471715063170594
0.12480438041310193 0.04019965332880762
-0.10753141554719642 -0.1496651320458694
-0.04416548509483287 -0.03028925884996107
0.11779647463457216 -0.002053926889525131
0.07616939805432896 0.2109983384789373
-0.03032350858402574 -0.012829818399834431
0.03627130148880863 -0.05872823176936911
-0.10211455166450788 -0.06546220511906653
0.08922949027630407 -0.07671497240224548
0.0723061682693819 0.03375120017671757
-0.03779987781453082 -0.08620218081219343
0.07882969762530698 -0.03205648373586719
-0.008718252446904579 -0.1962495021287452
-0.08352415331762951 0.14069206645644367
0.12251780302035536 0.033351835669657916
0.062311120472396626 -0.04622438381747276
0.05954600625791523 -0.013421436642157041
-0.008658312690350167 0.0651249251769453
-0.012312851861670006 0.012982451127338973
-0.04045340364017314 -0.11799787149481901
-0.06019345705086312 -0.09123912403426956
0.08563888058324141 0.16210371953588043
-0.07630496765860725 0.057891597710151566
-0.027746695991526103 -0.16761130805844926
-0.046198260497619076 -0.12020244337883942
-0.006688041895172233 -0.007286788079581633
0.06393309060010155 -0.05923812439366857
-0.07557405821325107 -0.06628778067054462
-0.012731794142328064 -0.036812327947228295
0.014514167079524694 0.0028201274510237006
0.04070804093199389 -0.07346669915574441
-0.0831721099009675 0.06605454932643198
-0.04103613206793259 -0.05108499236976657
-0.17875177153571997 0.044183437287635054
0.0910889478158375 0.017713581989647235
-0.12219201037513445 0.07443782240818489
0.08486278937625681 -0.17144750581811893
-0.06929484183277661 -0.06352376227752286
-0.00046406204069793797 -0.025524842819666885
0.08552396601875802 0.05436416034310159
0.1256721972353686 -0.023818764153040305
-0.03896837806154193 0.00634283861034487
0.018562937442385526 0.06148059082927067
-0.10065621721547505 0.0698678483405366
-0.10494956418151775 0.05689798653676638
-0.0085513851719818 -0.06034570300186641
0.07716255135066309 0.08260094336068305
0.00012641099315117003 -0.01786256543234173
0.08742236859436431 -0.05729268360352309
-0.10088913213508018 -0.010972350845837944
-0.03518970772833643 -0.03659916712538643
-0.049124048551728756 0.0032568129958404426
0.057765127978477576 0.029180173049255728
-0.1993474745081784 -0.12461927090280475
-0.013133458905279527 0.010212662242986188
0.08107160055262161 0.01513938061443496
-0.029239642652107167 -0.0487870800888258
0.033102390665440455 -0.009332955950644988
0.05895246539030619 0.0047809089592970675
0.06905448225308863 0.018554750457547144
-0.024818524707265636 -0.02837982538736277
-0.008373215436157102 -0.02373912527696235
-0.06921533207612623 0.07459557460815944
-0.048167928069521894 0.09616130724834969
-0.10240095193687526 -0.07108574395761005
-0.03662937142329451 0.03260804663921117
-0.14113705881001382 0.058785347159224725
-0.012840634527494683 -0.144153628916016
-0.14685551291007984 0.02911101246547257
-0.031537943836482715 0.052762017435828416
0.10399338266776402 -0.011618037955344275
-0.11021635251644252 -0.08708973024516431
0.12088277010569827 0.033034862167133784
-0.14171124127887202 0.04364582584638788
-0.023661516617703444 0.006037831703889453
0.06705426574865275 0.03308710538524671
0.12200865995270473 -0.01900929387924793
0.07595235585107728 0.08215456528582062
-0.043361303140989106 -0.05319831269778442
0.00765603257427269 -0.03239727986565138
-0.024391930218959808 0.035551119231698555
0.026198210743992412 0.053242669965621804
0.14331939664098767 0.08721830978655007
0.13333718001120612 0.018360532704918872
0.004644742661451005 -0.028563445278536277
-0.0008180173920590154 0.02891164774005856
-0.0753024852011348 -0.000357543712226942
-0.055694802170005483 0.04119148466712345
-0.015235556111552718 -0.09523013776927866
-0.01441003597752444 0.028143939866627218
0.10743060493698947 -0.06557452960803388
0.07357942500938558 0.029308028072288904
-0.0920753604727868 0.04203769973943871
0.03542670437766222 0.011904027716863339
0.012749440616701219 0.1395666854431519
-0.05421550427775298 -0.020489920361348845
0.020398806609372887 0.04737939672256186
-0.09521525599228522 0.03237227987977541
0.057839194131933856 -0.06683026115884182
-0.001834186515293446 0.10659110724973352
-0.058436790728057256 0.17251252715906945
-0.03551284692572276 0.02725386571963029
-0.03787752739441077 -0.08014326386832606
-0.0019407711591200756 0.009048513987702953
-0.1017031631257376 -0.10116565278137915
-0.03594994321278133 -0.014220824170276085
0.047371516344222 -0.029857177934832602
0.012512242553001972 0.02141080320082718
-0.025686462364831523 -0.0007444902133850808
0.08244482903755662 0.09332961036244042
0.01907277552492406 -0.0490071963207408
-0.05240286862932785 0.08108970538158893
-0.038939822857515 -0.030078701782619587
0.044767759536092355 -0.07372794755798884
-0.01162493027902087 -0.025543318471082127
-0.0260106862433698 -0.03760622348229943
0.01888697561875996 0.015503736952418273
-0.03201087082547616 0.03936214314338834
0.07652604549856086 -0.021435841920264525
0.023247218928720812 -0.098735637315227
-0.00024425110684626764 0.0077715035635176665
0.006824339477982069 0.08208533580339766
0.05985441607720214 -0.028874743674309918
0.006601675897077763 0.133180612550755
0.0031878899366955477 -0.05499426007463463
0.08893463544279692 -0.0904969824631262
-0.02379255476001078 0.004537159850038668
0.048430831780263875 -0.05528060247678171
0.10033541586387848 -0.15000816702370107
0.027403106818772976 0.1425208235753807
0.022605254209962837 -0.03827567958330561
0.06965471022081657 0.10927341069383702
0.0787396090639832 -0.0006371859600571097
-0.023923089176742 0.024806081286691824
0.045595299092880646 0.09913566821246161
0.02354726193678294 -0.05363314093756755
-0.01463567062288607 0.0026114138620690207
0.1334122916637926 -0.02192042831012075
-0.0005773557904385372 0.07114235423764377
-0.022522216168519064 -0.040469326670150504
-0.08791195007989092 0.030728101158874293
0.07044110178290419 0.11025420504550089
0.03214512842362347 0.03756343258109239
-0.06923023088481096 -0.1322426159421472
0.07670872947782331 -0.0527938507439349
0.05318578107246228 -0.0031765315689495414
-0.004313258010415511 -0.10939132328948735
-0.12354089476850778 0.050112793832057696
-0.0007223123539059736 0.12525340824265271
0.12187463287640145 0.05430786209666359
0.10317794307121442 -0.07672931574868698
0.06481661567607439 0.14973899269591956
0.02142315700382555 0.06815828283039004
-0.03280555864253065 0.08863213568000197
0.060106754452790935 -0.036909147034634014
-0.06877173018252906 -0.07279178577096183
-0.016774635451593817 0.08092068663965107
0.006243304536820292 -0.08455617804588324
-0.14434007147460587 -0.00819086010552781
-0.03767354742446705 0.03460280666864542
0.03491123641401025 -0.04830096623610208
-0.06806746659476844 0.12259025752699762
-0.06989466034961543 -0.05376936322289819
0.07232353617965696 0.026696971594633124
-0.035974397880696986 -0.02896798380744662
-0.04634930392801192 0.13348504825451366
-0.05173679576285097 -0.03995971651314748
-0.027781996786458353 -0.01783648909970457
0.040118597523541695 -0.053827843777563646
0.03608400009665163 0.02336547174343464
-0.013901578861823258 0.06874167867795025
-0.011548028130722953 -0.056795903088540343
0.04769842998848932 0.057723151755432876
-0.06238222863569724 -0.08876826660420392
0.02127086624750766 -0.02808908011344928
0.014458133677510695 -0.023040478451116755
0.1264320580398882 0.04156861432797335
0.008868156455488042 0.049255351477089565
0.005627298538823119 0.010092379578851134
0.03774731082181033 -0.027126380158003675
0.10176957056119942 0.11901400494202335
0.10822054374270504 0.04895052619893126
0.05525798113155741 0.09822792059319077
-0.04097045499288973 -0.006836016433680347
0.12558845566512847 -0.0659854119584226
-0.12276945185326957 -0.11694718284027608
-0.11389105943242574 0.033047363465689206
-0.013683474676089609 0.054517449486369496
0.09115153670746538 -0.04913250698179344
-0.16124781239806038 0.08442536340724924
-0.008875775384591325 -0.0261030864010459
0.023583242752087754 -0.031131351335452414
0.046447195977353486 -0.04594066931900064
-0.10351682231961445 -0.0076213726253079395
-0.11952292436482598 -0.05708529712540896
0.128117593267964 0.026828494959713744
0.00217904418066686 0.02175282044220453
0.14827935915943874 -0.08009722625118976
0.152968608207028 -0.03244155922030817
0.10987735461362391 0.067543584730957
0.019461919852664124 -0.0734105437682198
-0.01260169494520498 0.007698330470603421
0.0006847084285415343 0.055016412998306403
0.06456161063102552 -0.0015593930742333754
0.020198279535609986 0.007156100184824476
0.08323377673868167 0.05516792202662385
-0.03221351159685793 -0.045073310132003865
-0.028392348946223715 -0.01517673968129614
0.07279175194984237 -0.08337878273959579
0.12720732354226585 -0.008264614458295539
-0.020904759758819554 0.014974533058964021
0.026215688615927806 0.005486016360997768
-0.14421989089033987 0.031628003475741864
-0.056773547596853075 0.045588687599640874
-0.0786298721017485 0.09446400669284882
0.07708589824439696 -0.07086593447805736
0.08234146836342757 0.06494790233068347
-0.05671964168643801 -0.18368456217977566
-0.06890920778768626 0.035557644816425704
0.022102502583338936 0.034165402042633485
0.10067524237023358 -0.16241289459982902
-0.09948484992014418 -0.17624194908732913
-0.026651001924363225 0.01064435617564682
-0.1332771757354214 -0.06133655686635491
-0.048127305455053934 0.08909949452213047
-0.06537876370263153 0.1134259625247439
-0.15420746599990667 -0.07996915330948656
-0.0729180659733984 -0.10580730969396017
0.03125099229993192 -0.05515637595551875
0.11699497159465345 0.019743232246961888
0.018661411715149605 -0.03191711628339844
0.009920180143450303 -0.01405876862918059
-0.03673540943617913 -0.03206128572383638
0.075884144894625 0.0005899929052747382
-0.03028151847955591 0.16305540850804703
-0.11990566678078828 -0.07894394428710859
-0.05217634360529492 -0.04950369229352276
0.12151438379439741 0.0789386820022969
-0.0832872410230843 -0.03608810636852791
0.024252513885729018 0.08864080814340526
-0.060077837070007044 0.01614922849986595
-0.0038083947067057435 0.06996730784609693
-0.16891939548211796 -0.10472849915932249
-0.0878171003758501 -0.018588257744083084
0.010559408385488552 -0.029399994405543778
-0.02991265981146344 0.07080177734723912
0.019575074647959188 0.10370548833688528
0.005444521860301639 0.04634736584323918
-0.057806507519838825 0.02612983783882074
-0.026909310144269852 0.06181938562075729
-0.14657583977008112 -0.04460855234031325
0.019837648064915656 0.09355412451060696
-0.13016940912696107 0.04019023759309001
-0.0004739125259978087 -0.025372807343964226
-0.011086377534947707 -0.04802734205535638
-0.061503027099610925 -0.0864216508558554
-0.0038955319912327346 0.0730214938452279
0.04573449205349483 0.1133652065530336
0.04161237196354991 0.0041883198606207
0.1082665083552187 0.05241118709976292
0.07323611744825614 -0.10187255370264389
0.00762366693191803 -0.030638458366972432
0.012555653556755472 -0.04437140018336702
0.10255710362655536 -0.08477132953421723
-0.08682904804874499 -0.05266444384763377
0.05647715030920402 0.004841870907017714
-0.01713387416892296 -0.05914358303416591
-0.05945015332485631 0.15398737310326582
-0.17275887121278216 0.10233358775233056
-0.06270154484372 -0.0892213312566469
-0.05309602193772746 0.018955032664792745
0.061333683685152296 -0.14621883039443317
0.11763984278425958 0.1322023960297653
0.06479259437701403 0.06344274628258711
-0.03386240545805422 -0.10446920424044527
-0.1009772009969119 -0.002921968285118284
-0.012903129536812642 -0.08877444520885254
-0.00031458694191848494 0.04402347271153924
0.005957308995365992 0.09232806923183867
-0.09450837503445791 -0.09543141074856666
-0.075365777258951 -0.027618265026711615
-0.028460270121463807 0.14470476900074222
-0.028949044328765078 0.0665053067720987
-0.07397421627550238 0.06742199293731413
0.01648773771589538 0.0719040379165645
-0.03107889743141513 -0.016605386404445845
0.002571218791935558 0.019741119854512178
0.03292429509572494 -0.054875807322249934
0.0180598591452109 0.009156316564945933
-0.19922872538009456 -0.06474086490834562
0.06489638418758041 0.08917440993696074
0.0028770697942188577 0.04877393312940338
0.052513428536722105 0.20792173159856245
-0.016199723690619935 0.016953070392609182
-0.021163764001098227 -0.0159312738454276
-0.0378266435859916 0.08431221250886985
0.030740688073714936 -0.1510468834833931
0.07245228084135881 0.037700726335725424
-0.07173869549912658 0.010179916669707042
0.034471452025350284 -0.023645168839342423
-0.07543585348628253 -0.05165693698934307
-0.04517542484773548 -0.006007940177909643
-0.03989882445052846 0.05729584049144233
-0.027846073720083714 -0.014693671956499031
-0.05488119675552617 -0.04992124904383574
-0.004155454800846773 0.035998476117448615
0.02883014718664976 0.05572981926260638
-0.09113373947782633 0.10960467225355561
-0.14779534562218277 0.09187140947612599
-0.05553977749394279 -0.024554470007163258
0.0012665247841380214 -0.02315205941568998
-0.12854189717405465 0.009158706114675603
-0.04696083822040276 0.0362831941923574
-0.1313543332398395 0.09858426834757385
0.014729275217539481 0.029361467496661804
-0.01707012020101934 -0.08419912440467348
-0.05535329358315431 -0.04302902219996884
-0.05451745963556191 0.06256795543128778
-0.00982300227249203 0.08980696381325334
-0.2053553467125006 -0.0157893299641837
0.11738350096922051 -0.11783337565770251
-0.012266713649655828 0.028877686103511314
-0.04005189932028075 -0.00010244854048155526
0.07529530909765987 0.009867579914729457
-0.07606588715800702 -0.0944857995316083
-0.14413379176000019 0.05634197658243365
0.009696330423695262 0.005299727398531758
-0.038818516631895186 -0.07748206561380679
0.07307416537349626 0.058366526451023325
0.045591780151559035 9.531311409067273e-05
0.04781650665675655 -0.05850601379251038
0.10542716671102412 -0.08317114128626138
0.03090010190903359 -0.11178379666616758
0.027008091769146633 0.1575388860142638
-0.018517222655918323 0.10943957057803967
-0.05581725510608112 0.029088614352173928
-0.020717484205197523 -0.05114700002546091
-0.05226538738938067 0.10822448777517567
-0.029990331053273436 0.05623066144097679
0.13100738625795524 0.0006216958568304659
0.1596567291897974 0.04456181227215717
0.05095099015931379 0.11099984476894095
0.06149412839916377 0.10724312897894228
-0.04934251654331038 -0.0804634468801276
-0.012155011406113263 -0.04811635538197631
0.14848087168152885 -0.06985263953412546
-0.011797760748967117 -0.08653666693627318
0.0690814453694649 0.0780342668195604
0.02943034105022317 -0.02304124440446273
0.04511832428812988 0.0372227534812196
-0.16232317403983856 0.014562676505384915
-0.017683895283854573 0.0027638171405378357
-0.004244328897796803 -0.002302512758907963
-0.11891631279752345 0.03910880128738039
-0.00692774089887692 -0.07586920460467543
-0.10377945744441278 -0.01940431759556704
-0.16823635282770544 -0.02173811171650836
-0.08162564817098203 0.05034145827974105
0.03099513185926977 -0.02363078639826866
0.033540927216988585 -0.03234112074030048
0.03364376465353001 -0.04442107685437177
0.07938334864321693 0.10168803501468782
0.034078991671849926 -0.06550202435977115
-0.038157935562274474 0.0915749741142754
0.09832459471449166 -0.02921462359426113
0.0707007320922343 0.07210572204366338
0.03346626393262209 0.041117549118195644
0.020452679805418227 -0.05802017548256511
-0.10489745312545526 0.0021741112350342983
-0.010702267545373194 -0.12894130054286582
-0.037411681172565776 -0.08211793995273628
0.046946763919140676 -0.06204001380106491
0.18178936098525167 -0.028094141813339364
0.017499663906479987 0.1701146352978683
0.03996300602541032 0.06207647209112147
-0.07780065706441323 0.04700408868870767
0.05409894550622934 0.10442824890876763
-0.007486642079574438 0.16670578208929462
0.023740188781532372 -0.04410896720623128
0.022233119597708732 0.06406327123825915
0.07175392237953455 0.002794365963726561
0.026063330949200627 -0.007902737292735235
0.056441268031345186 -0.0440005286417556
-0.013348710916273912 -0.011289860157526912
-0.164038648127844 -0.10416783625635367
0.020173334019483877 0.03522542882342004
-0.1129022090917647 0.18514870340847742
0.02585763078420379 -0.011039113247163862
-0.001970510270875463 0.04868525216597788
0.021602064631509005 0.03992565241077255
0.061427765567728936 -0.06210239169813245
-0.02625357024378579 0.14114906635797542
-0.01956044169176467 -0.10141649689781639
0.07155481807271231 0.017356964623860355
-0.027447870110128024 0.09007907056172598
0.04750287229281244 -0.039487162517118445
-0.035994022843106106 0.020031298977326892
-0.0064140982411870495 0.1226268839519345
-0.03906357978600062 0.07897172012134186
0.0009857108866560226 -0.028139547803279725
0.0014377926879647288 0.11383425809731236
-0.02134721111252567 0.01665574247940725
0.0567468763761311 -0.018545145037356558
-0.013713596486342926 0.04216032713404593
0.03407958041961745 -0.07240324294376482
0.059592082522958764 -0.0041406145883584895
-0.00026808500835291124 -0.12576469186267233
0.011905741795850841 0.042048840050770156
0.056584320548418554 0.15133262528231753
0.12500506540988895 -0.009632331469454391
-0.014018593290316596 0.03510146783458471
0.07311024006543852 -0.013238124770804197
0.043565437914292765 0.01202119495034302
-0.023139792218587887 0.052978602588894926
0.008937196297395129 -0.07711854178431897
-0.006296418264212325 -0.020960189023164898
0.05296455437099389 0.08882989052343766
-0.09231842652913846 0.07628141904867267
-0.03394352677114567 -0.10166709223482945
-0.036781290515077565 -0.007827295521327644
0.18172951164136877 0.0691114542761344
-0.04585486223608912 -0.06902123753630578
0.03981541118972452 0.002482555223932127
0.03549348015672508 0.05869767102280106
-0.12180923962555905 -0.07328168455423144
0.036107480546162224 -0.05554891884459257
-0.01159593046023789 -0.0014908845994770052
-0.10764330641576039 -0.015551133680417916
0.15425788373552682 0.08838947342051873
0.003182466320890351 0.002346084827264025
-0.0165378475683649 -0.12085863021449814
0.09068975711078049 -0.02402742443964845
-0.04475778335036344 -0.018286233606520687
0.014903747938585472 0.09457328120106268
-0.06465685058162389 -0.015078636799845224
0.037605593262024714 0.001291525832544657
-0.0178307423859183 0.060550463009409417
0.17912713834906094 -0.013902969700173365
-0.052308115659972114 -0.030927799662221457
0.12007171068279153 -0.0839733659886392
0.0635737074921029 -0.014345105601818998
-0.06059733082293523 -0.17149182154648698
-0.03578641758335528 -0.028366119367809445
-0.05543587501337403 -0.05145119878765828
-0.02023009487743981 0.010843221639236489
-0.020979099896528134 0.05253504583039653
-0.01965953161982526 -0.05888011633550646
-0.11296842116211148 -0.08648058022373337
-0.08376367611638406 0.09627358969232105
-0.21888365902844362 0.10303103280437859
-0.07968886379011379 0.05073217969605682
-0.03293953020003955 -0.04263242529576728
-0.058611641214724494 0.04812023519686602
-0.043399714896642676 0.047304716594328645
-0.01177333311458744 -0.047088757190410425
0.040549720485597 -0.03424263538204926
-0.039081377012401115 -0.07763890339604584
-3.0392819748581864e-05 0.0412324361158144
-0.05613683599785686 -0.053394061777333295
-0.022445238864409068 0.02013739876746752
-0.041435713203919984 0.14905554883575473
-0.04652304638509881 -0.06529583583418413
-0.09662806536462996 0.03722743142636323
-0.14461493935890884 0.07375815004879721
-0.004302450918608262 -0.026156262844271153
-0.08656214211534273 0.21337511283168384
-0.004025400443434178 -0.05618545039217167
0.12072652615103711 -0.0010385449887147504
-0.06407569073210195 0.09530911956430485
-0.1271548474933067 -0.10812748358437077
-0.006727578112743351 -0.08833679136896971
0.09837075785854103 -0.02576893928229316
-0.003433683970368434 -0.034880340259925376
-0.1490555390427573 0.10746463477788726
0.022663837636574712 0.00408785559295018
0.02674248026716273 -0.12198627809148409
-0.06708757001981133 -0.034069532874245266
-0.09653838040827589 0.05700574722861109
-0.033331544228436455 -0.01926865992121242
0.02436920322588176 0.11819825863305711
-0.09028311383414778 -0.047430704787161715
-0.05292387837897679 0.06654187498169278
-0.025164454885623824 -0.13652200026227623
0.008119535159823115 0.018927269361065233
0.1135519044125715 0.0537547204743039
0.02100746505786185 0.01375171790347627
0.04179251514844244 0.024667105359911567
0.0483580986405624 0.00393239257180248
-0.01394185509651193 0.014229592134592853
-0.03157288277396241 -0.012622094566378932
0.04592000977364641 -0.08323786652322844
-0.03685092387205118 0.0016604950676880222
-0.08909513802678101 0.04846366727593784
0.06109613243648903 0.04250985317126275
-0.06268751070437421 0.0008204979123730637
0.06296546893153912 0.008883029731144415
-0.006809165592031645 -0.03753215143205114
0.11186403367402221 0.015843577704076062
-0.13045940082780866 0.052080200549590734
0.01552401722716581 0.07209995202018804
-0.02187772579808332 0.04259756460052029
