-0.15311766548466554 0.0009148457973319571
0.09185108193163566 -0.009058967507878695
0.019789436846927334 0.032023704148799306
0.03756758054677087 -0.15549013942133835
0.013933308792816708 0.00651505537121096
0.03573120734517244 0.05922850665683561
0.09962098607542944 0.1602028308128763
0.011800803341814025 0.15978417616253673
-0.059389454534000054 -0.05349504654495293
0.04218741206947402 -0.015193782350485997
-0.09319344473071145 -0.018675737108490627
-0.07771807103769435 0.019802510124673735
-0.0014749019744886734 -0.07347325952815575
0.032343015350235434 0.003954377553118598
-0.010784583635550314 0.08310272733978726
0.05486231675993026 0.07044572369905518
-0.03842252756848499 -0.14929523913776943
0.002793231748203495 -0.06258275756125915
-0.054256662536777925 0.03587579867951845
0.07421773452194687 0.06079402505445357
-0.0726846291010666 0.012145105695799047
0.11991462399556772 -0.03922233522798868
-0.05354751636751588 0.111925202927371
-0.013150298935232112 0.0430143876729863
-0.07654142526866163 0.004373632632280634
-0.028587194659316906 -0.0674428494372044
-0.010124586103087637 -0.04539337018287456
-0.03668304208921001 -0.1634807283018611
-0.0591045175410129 -0.01763680646471239
0.03515815243070029 0.007268700745670223
0.014274934113625206 -0.12400677265989407
-0.07178289046655084 0.008658239573992133
-0.07910366923967457 0.005519357005813311
-0.13445862431833436 0.05673351194420323
0.030847415127004143 -0.013969865070297863
0.07877059896935873 -0.05631359714807068
0.07629765453073455 0.09120734750185439
-0.03739824009061414 -0.15400454118400733
-0.049522779341145344 -0.07080368456600492
0.10112205649215823 -0.0351689863404297
0.05861455370712158 -0.05311348071559926
0.03455514075270855 -0.03272182322162057
0.027487162196277556 -0.02053402431575156
-0.12816984068438608 -0.11620810764029536
-0.019171846484104166 -0.04554705472752157
-0.12816119714338442 -0.022821219910234957
-0.03075483530254133 -0.018067155112581158
-0.01975031879910497 -0.0740391355919287
-0.12669412294584628 0.08449775753177698
-0.0055910559740480386 0.1373127673746411
0.008271094217912337 0.015645993902060427
0.08082227533998013 0.03946424397507293
0.12781953867348844 0.051640545580903335
0.039383545313380314 -0.08633772526605575
-0.008160740396246506 -0.006225074096450755
-0.05791191192741063 -0.044714874739536704
0.11708932673819443 0.02495709924655249
-0.06117128405594346 -0.06566967109941926
-0.034276858666749496 -0.04016148329467848
0.12215397345996477 -0.016238039989617654
0.18092910650659996 -0.05888108749683179
-0.08977815865991218 0.0684761255972308
-0.022548584260705603 0.005056984888297196
0.09771543906102952 0.028213838887678463
-0.012086174030496341 0.026902571030814632
-0.04567532519357193 -0.010120809131654264
-0.07034386303701402 0.021020721766959877
-0.08358879762003257 -0.011825477014156791
0.014827999629513656 0.024300916484710975
-0.06672898635398898 -0.00629224635147444
0.09781657736480001 -0.12634549102629616
0.024802109854376475 0.0015180838956858895
-0.022082258467816796 -0.15161531695331862
0.11802431748955754 0.09249208941752413
0.05960881619518693 -0.015052320917796985
0.037660498699131816 -0.008969099538040511
-0.013586771492407458 0.0014294346477728129
-0.049862325535329606 -0.006912858703430403
-0.14767964917237314 0.07919822619451977
0.010380753902783618 -0.055413977573016075
-0.0539673951741261 0.061039168720052606
-0.104262316697605 -0.019150161778300825
0.09802363592300915 0.050302347634479924
-0.1935472852290064 -0.07802297461916864
0.012500446022529628 0.02156086992647886
0.05333841632982578 -0.1314681859109992
-0.17402111734014825 -0.04577872185531903
0.03382113201879661 0.14203224867717792
-0.0537864486073772 0.053659260234613655
-0.08787412106316925 -0.0757235041997549
-0.04924556248794089 0.011528927503031515
0.01822731512651402 0.19011085615242962
0.006624300103425857 -0.10255308332209923
-0.10977022435896103 -0.03233597841896172
-0.020521350397292092 0.04302961089947357
-0.09784719288224035 -0.10608118316498695
0.009224794373274513 -0.062269441310733364
-0.002406390600766485 0.05358653244618612
0.10278476443187694 -0.09104069598942911
0.04542905014502202 0.13267593398762118
-0.03613840746821058 0.0424710401277832
0.08179384351853403 -0.10649927093183476
0.031531605105038864 0.04339701885657138
0.056469820956300466 0.07351875448148198
0.09165381468112564 -0.010450526137157504
0.1374191624356246 -0.01866715424793107
-0.0545175416783983 0.033818411201534455
-0.07279171494032993 0.04369304519827911
0.173834152877106 -0.044870925616224494
-0.017624301438981343 -0.10100270475659012
-0.03806686674068462 -0.10829273798815806
0.01858901596044387 0.06960791270528005
0.09284592454944723 0.08893738441968167
-0.13371716980851805 -0.03592999662907949
-0.04658910426133854 -0.07068579069546412
-0.08070373039169254 0.04675650941191678
0.14909594488030217 -0.03126724078473617
0.01439820544480832 0.08631768830345499
-0.029392022426892848 0.1522277819814047
-0.044413155845454584 0.002579231097677379
0.008239804462118824 -0.00669716565082708
-0.016843333219525972 -0.04087930307859513
0.007369842592368136 0.007809190899778643
0.10261878385867329 0.01581036541028365
-0.047409785749897175 -0.08665166777095717
0.06992333451142117 -0.005718317491214757
0.10773036728961614 0.057334743457442286
0.05274109101695611 -0.11808539807427232
0.05932948814006957 -0.06878559410405359
0.07368704162193933 -0.11113325545069053
-0.04509645512787158 -0.1431738331911503
-0.027662935008193328 0.028459180208131624
-0.02823788742467711 -0.02707859927872409
-0.0400101707272055 0.05606057753417049
-0.005167326331940323 -0.029905242405794834
0.10652739911523706 -0.04495727027410088
0.07690518505242094 0.1116696863501015
0.04277462845650512 -0.03859510670857625
0.012083997761406225 0.03423434056391925
0.02561297362256115 -0.052010177286806784
-0.12036741567857294 -0.0906629721042927
-0.03968366816605151 -0.04716232024392397
-0.017645381137204874 0.0046872174891555134
0.1262520187728977 -0.07383224764783806
0.13722622036202925 -0.04797753438826177
-0.0710292718486057 -0.049977209983036945
0.051363912024513396 0.058147269612074254
-0.011064696993342393 0.05218232980099656
0.049121352901010294 -0.10999661081029835
0.12844777201385044 -0.02578811520509737
0.013479849107959048 -0.030999880175839014
-0.051219803523636184 0.004973603819331445
-0.05134195324177481 0.012580276359065813
-0.0738326801886243 -0.14990199004743965
-0.07818408516131922 0.03296952949579229
0.047325145197833235 0.05625507665005532
0.06640067686537957 -0.09066227999480235
0.011935658220018625 0.042197203149872374
0.0500402227510511 0.016020991611442104
0.12630162030289033 -0.06967630995172595
0.08585188089764643 -0.000431632700952307
0.03116162838460757 -0.026018753924504312
-0.03290204390736251 -0.014559488319201874
-0.002389354902437907 0.011642111092053377
0.1671844765935469 -0.050057528411308796
0.01645215017082467 -0.033005405660332825
0.001894171224611035 0.009438669365344649
-0.05002320318972426 0.013506646893409663
-0.008343227838188867 -0.056412846883155586
0.04456105374935594 -0.02850489979999432
-0.01590371902648173 0.12254695511590484
-0.11466643422698634 -0.002269558967374151
-0.05215689875920585 0.00682769098813723
0.11734154962441518 0.025543044697091417
0.036603356239514974 0.1097086784784215
-0.005681236470145072 0.15709580236741813
0.07103818336848575 -0.09587006789696317
0.07482333320785114 -0.14436072512845488
-0.0839540762310976 -0.1602266217945907
0.06930630919876392 -0.10027032101327779
0.030923877484055545 -0.027293687286815006
0.022500336486109367 0.07220356603965221
0.012129018473676374 0.06612236078956013
-0.024237024808597088 0.029265298503864376
-0.010417521504608004 -0.0028004824899998415
-0.04331680592365898 -0.07133635248511533
0.1933565078630382 -0.04648496347814922
0.09665296338567862 -0.1552016410475276
-0.09410625805637643 -0.008272820761561593
-0.0491829512054298 0.1409434107298286
-0.006213411008539747 -0.0011346301346421895
0.018252212108098267 -0.03392549304670286
-0.013769500031179605 0.05172162796617569
-0.0014391675663394904 0.058892167390612364
0.027935143342485966 -0.029010597936441843
-0.15863792478717778 0.06763092789154161
-0.039250183708737195 -0.05393629628991994
-0.0023460597844516154 0.045182115602729785
0.08480710331063909 -0.06108190479978637
-0.001637667757247354 -0.03801996782865056
-0.02590647697325262 -0.12956201378607107
0.014194464082737213 -0.08012989299501802
0.02178520884780366 -0.1100945871874505
-0.0880633603127901 -7.202196496771685e-05
-0.1587364897946953 0.03633702138366207
-0.010804536723965575 0.06519309764582681
-0.062132469089381914 -0.07631544382585645
0.03623699841154095 0.022757384897642594
-0.037727868066710135 -0.07651386490664148
-0.03547251299499226 -0.042676396591773726
-0.010699109394280025 -0.14188130481156644
0.07161308367975155 -0.02428831332597306
-0.052305818431117375 0.008194146323920135
-0.02436902765377584 0.12307945805831616
0.09835829660166993 0.08698871781068054
-0.09892364186128254 0.05364443016851081
0.0896042769081509 -0.09515906379670558
-0.03706543450320504 0.03923318468079651
0.03383799745354766 0.11864845271608249
-0.06546609408454016 -0.09517371688581136
0.06096701166469611 -0.0007846616324600423
0.08875360904474319 0.020513568463306677
0.02888127354510784 0.0494986297382638
-0.006702515696570298 0.08493166427106824
-0.08007349301045534 -0.011305621861934583
-0.0017703209914947437 0.042594881948764284
0.06994827489368545 0.038331588821817766
0.02322594350187045 0.11193545815442146
-0.061173417764114085 -0.17689696134184546
0.0728465533497209 -0.07414628126597993
-0.014939610609313071 0.0300421398353779
-0.0025166864152506158 -0.043590466485917724
-0.0633816904673919 -0.022887266488395605
0.09206592636061381 -0.019144440198338802
-0.015745364309991152 0.06173417298802046
0.02655782871415846 0.04757565309409575
0.007082086345175142 0.034186363969718706
0.03901025649768141 0.146457022129273
-0.05109934062235206 0.13166620435596257
-0.12042524813283333 0.05048347683428063
-0.022235427569566764 -0.021852014425996713
-0.05670150969788522 0.1106708171173534
-0.05524571453443555 -0.06995032792529195
0.1081917837361189 -0.035108373503730306
0.024690385548202923 -0.05013823661333016
-0.07297460389033157 0.07987614212015053
-0.05666302051426707 0.07870865824109503
0.028458049709816937 -0.0006291339648977494
-0.057767393671884375 -0.1116331487312326
-0.018669043524329767 0.026409138118835097
-0.05345505118989147 -0.011255264942729982
-0.0092245626229109 -0.14174975823812366
0.12004421523738153 -0.06385561206136851
0.020614815659908806 -0.04201386276275438
-0.03666020837419359 -0.003830348063239332
0.03149023724019739 -0.09801483603614684
-0.00731597327679674 0.08857116059010418
-0.011557076547463702 -0.031088387328042984
-0.08458680031039885 -0.03683158755205792
0.032067855061586624 -0.09245824040567277
0.0005692154836253071 0.09702078011759996
-0.1662377620448417 0.03378113896138083
0.012114379374921944 -0.0735446429317077
-0.08236240001876448 0.07212842530212278
-0.0034160734774393527 -0.11619757931216501
-0.040603100466819815 -0.05704175643284001
-0.14237684621548047 0.021849976048511764
-0.06643651499055209 -0.11683325444005765
-0.05628429238801379 -0.026007571759884492
-0.026636711790012375 0.021771734354649377
0.012808952103785133 -0.02934397266272515
-0.06953876548817901 0.013370019670505884
-0.05146964812534212 0.00591058328662156
-0.027527256262164942 -0.0933858928932746
-0.010425504300222042 -0.04593445220454159
-0.013165028608688284 0.10314135891012122
-0.06030829507384079 0.011419968660750159
-0.09352982412289716 -0.060125094266735256
-0.08422185208342482 -0.0035953384685800706
-0.07680480615783303 0.004946710573552604
-0.02870657493238382 -0.1370290124321063
0.13613552150145786 0.06362275164253595
-0.07361948131530043 -0.11095500380766486
-0.047562112232164 0.004752201996304081
0.16522434084212176 -0.1149716378984138
0.028688241074256153 0.010029134939321461
0.04803535296713862 -0.046070872089697436
-0.02946968836330407 -0.022707090135379523
-0.05392138940260764 0.009500864615337024
0.0024072451054644667 0.10272778488975651
-0.027712599677563912 0.06384373618611305
0.10886986128144138 -0.05831687475568463
-0.0013564576582397224 -0.06353274641416529
0.027934488281217237 -0.06506738819191762
0.08336821301919844 -0.06550817979017313
0.08439913661634334 0.032109309344842234
0.04431305146831239 0.0045362739437357835
0.07704827284399578 -0.05202601022379516
-0.0292251921619723 -0.05531314421347933
-0.0006843573879387677 -0.07715362229642667
0.0090800894269379 0.07405115685851384
-0.045317376439225 -0.05572029476392048
0.0257139890091609 -0.07422975126249985
0.00021661502908698258 -0.021708257964368927
0.08619170415226048 0.03130048179185539
0.03354695672235962 -0.03220291557362126
0.1337001110080502 -0.06246308231479232
-0.12428821022786789 0.029914438905995405
-0.0827767100033054 0.10938747284962373
0.16796458406776457 0.1138221588783775
-0.13732670833147534 0.0893662551246097
-0.013135941495478948 0.04422257483149454
0.11104905848058604 -0.03600188117340221
0.034880351827982624 0.025841588950209174
-0.038439821689872575 -0.03798592261008665
0.005487748288670049 0.07037980045773796
0.07769301787164379 -0.06849911369149846
0.10647702553520909 -0.016903697858016854
-0.051446478610488094 -0.02651418009936961
0.1285004931791549 -0.1437725671153708
0.0257533146120203 0.1474854597800826
-0.05032480844895355 0.05431222064077994
0.1180735085517016 0.13883474138317786
0.07270382809008383 0.03930217020048383
0.12392303975278653 0.022915908523456523
0.04372128182151731 -0.0013984130098897041
-0.03843807232495988 -0.0055094861516515005
-0.02800401528564357 -0.011686150377549201
-0.00021658209154411882 0.07385164177465475
-0.0632970829813652 0.03706158904229702
-0.01598903244683394 0.06424649177655299
0.07172449253774037 -0.13689615528693144
-0.010639978958117613 -0.12032918613813363
-0.08489588864246982 0.13595739000286491
-0.07789926416186133 0.07470093988214414
-0.15229994916279738 0.07842171454227288
-0.009814398201783623 -0.035862032641184385
-0.15229967088246332 -0.03590486400790019
0.055148512234005256 -0.10419506117695115
0.07679129555054379 0.0350750022534572
-0.013667387008228218 0.01285995045938828
-0.02469593590944027 0.0018230128721827498
0.042252725654428176 -0.10478286895468616
0.05796285037254312 -0.05555764403433892
0.056522994964682 -0.04665438507053996
0.016472467060470453 0.11177849494210823
0.009855302637600061 0.07098928406925166
0.05366310371654616 0.046717156373040254
0.15773220910726438 0.12171508233197086
-0.05431203293601129 -0.016414659890684344
0.12038265205021234 0.04612718796652352
0.026328875869204595 0.1492638774243186
-0.06656054943224919 0.04662324068210249
-0.09520932394853536 -0.06952055158535923
-0.08719856940682093 0.09254932156042006
0.045627032762529635 -0.04131515798059336
0.00993370419495329 -0.019596321133761915
-0.007292459368721051 -0.05770746746921462
0.024432992577718617 0.012805294466996789
-0.08544692691802971 0.07364001680659654
0.016129133980647123 -0.0366693140493569
-0.09694544832343058 -0.03139154161836862
-0.06094352922009775 0.02179713551397745
-0.05134092095785323 0.0575308716638438
0.047674062632420786 -0.14425762279061125
-0.012321264568992947 -0.06882063660219721
0.10424652592841846 -0.007924454398192815
0.025089827139539538 0.03097910455232233
0.014703197166606577 -0.04631608167377277
0.017259053575898537 0.048157737471845985
0.03866928552978965 0.04876451775777526
-0.061042489095987994 -0.04796619095006051
-0.13904562460494885 0.10453646968753164
-0.058875001794829525 0.12960605417909357
-0.1415420948275072 -0.06047600917829596
0.10163443251781033 -0.01894585987540726
0.07336935595816323 -0.003370036206199338
-0.12675813707261338 0.021040784686390243
0.058106770963797454 -0.014135691216931718
-0.1083385500031971 0.11791423585430226
-0.016086467050534688 -0.10366951575372506
-0.02675896946095103 -0.049434319405553075
0.0670595345008773 -0.08222918400913715
-0.04251149474672059 -0.07873770801926101
-0.07759937802502564 -0.1445011749952007
0.08029558572152244 0.0058386143236247665
-0.0955491943193399 -0.031084714331608983
0.028134605179833315 0.12512595081344055
-0.007188590019188488 0.0005253213117110457
0.07701372027776052 0.12934201727913747
0.013282219976071798 0.03860341656979275
0.033837059835136615 0.05088895989330525
-0.05527382680059293 -0.057615247735090816
0.1182998720620942 0.04255457623426297
-0.10457339456278059 -0.01676346380178245
-0.024507527676950216 0.008913627287151511
-0.10734269991757081 0.08015899307877034
-0.010353896341331324 0.0915689225989078
-0.07476606456729705 -0.03034412544911816
-0.014349173747246643 0.06441505951258646
-0.08044086550193275 0.03668673228666558
-0.055583952671256244 -0.05136279616528009
0.058032208181978226 -0.19578886962842088
0.07708895444947265 -0.0759529929775126
0.030481136873927405 0.06963837171318364
-0.04920263658891076 -0.00330175917405307
0.030022272330949888 0.007239767787749994
-0.02094369254998135 0.14887489575213758
0.00322281914755033 -0.026164899917848004
0.050498213103866374 0.03345701911255537
0.09899485570813502 0.04779985032581633
-0.04696171021831121 0.14404699867896326
0.09813041942053458 -0.0019010823203057105
-0.007207258130551919 0.028113233692966123
-0.004716650020091864 -0.023466092908000783
0.08391288837229376 -0.037025922237576614
-0.03283106710917238 0.0068297599434738185
0.05729667714538497 0.059831277800515635
0.01903289437165703 0.04831770755775933
-0.017359319704995206 -0.05477021519139797
-0.06059707345600364 0.012983055479979728
0.05952680708133733 -0.03933118124348887
0.08670163054609001 -0.06237873160371569
-0.030850324305890218 -0.06180841283741914
0.019156654813608478 -0.06364926544788391
-0.08203360459752986 0.0029502012883388974
0.017533308479396062 0.06673138820356395
-0.14853628233630214 -0.03238614391275329
-0.032198970945399724 0.017931753607110457
-0.10294526830577988 0.02931400842487751
0.10387476049731409 -0.008731862240663224
-0.04185853619042083 0.03536442171181814
0.015733409782153828 -0.05496795699949869
0.05558358627127272 0.06382657619769841
-0.02372449100349007 -0.042701416929051064
0.030205462343960366 -0.0039505773573051415
0.06873513190142928 0.02121674888095647
0.004688387040534522 0.04038356263731124
-0.029996254586460082 0.014870490823480685
0.03422751472681155 -0.0790829881395479
-0.07975724716691987 0.014716755637389877
0.0016891943211554416 -0.09035313910616477
-0.15894948875586665 -0.021451455512413398
-0.11540402489517754 0.01984942208192666
0.055328467711311856 0.035223096648663285
-0.15154498224320628 -0.03551733986662727
-0.06407669991642215 -0.03357978644936112
0.013159041758105816 -0.044743340584762384
-0.028953161525303465 0.10141626060868943
-0.014794355236813045 -0.10120121121943718
-0.04226531961785174 -0.107285918973361
0.11738159958609819 0.04342694592719866
-0.012050006058204638 -0.06927127164131994
0.029457092988488125 0.05463380043499609
-0.030927837346710143 -0.12552499858662933
-0.107454371739375 -0.07508083811536444
0.031036102995387532 0.02119764878996379
0.011260495045853998 0.045139654225730214
0.06078411064340817 -0.03780645012070889
-0.12687497655643343 0.02697656309714038
0.048251046648223266 0.0004502380569022479
0.0756440104932545 0.10969130870882235
0.036531735952165474 -0.05068970061200033
0.06672703206566845 0.06426171119345084
-0.0799678589048654 -0.04510488782331189
0.1676815183691398 0.07762173265208974
0.05826414094842149 -0.050812524601159315
-0.0657943998905584 0.12980139949052974
0.0065282028444951625 0.012551837982270738
0.015538841520305883 0.02643583864023981
-0.023660964193888013 -0.009777343918746304
0.0836446574957224 0.012445262382572172
0.02965221512431663 0.009132644548426123
-0.04835696199878617 0.07055951212055948
0.11307310681742588 0.04687778741442455
9.694691326522636e-05 0.10236219906310587
0.04516325465502164 0.03832611348443398
-0.09766322273309622 -0.0659494691993253
-0.004255673693468405 -0.09828147388227709
-0.0006896728908326253 0.014649214396802609
-0.08434548859732373 -0.010608663283912724
0.11649770782238368 0.027386023708771568
0.08284778676151236 0.05978822093873459
-0.06928951848316382 -0.022229783110496528
-0.025279623122583687 0.17715364928144992
0.04255967020242947 0.04097277376722559
0.09248309855666242 0.1707875977923754
-0.07653577434208683 0.01930980205913769
0.033923693857624185 -0.014534935023609198
0.04102838121577839 -0.06920540062867965
0.014624752243310571 0.02761493722732438
9.370386557177259e-05 -0.011982117185735355
-0.0746596610556524 -0.05059498318714806
0.04140826920694039 -0.0034849485305945135
0.022472379416949177 0.018323847836732732
-0.009090078825886977 0.09254393580854944
0.03744293166831944 -0.035413922246756845
0.051384425743090746 -0.11648237387340407
-0.04747951315176758 0.0762988794114831
0.053448080849884505 0.1802039946582657
0.01733416113865659 -0.05463470300533421
0.08888227129056966 0.04522546459129529
0.005874394022309747 -0.037256403431019845
0.06903785146005839 -0.02496550443605854
-0.15737060334307365 -0.04565784829964189
0.03533345285937574 0.008474666022031719
0.03454143230818322 -0.14686081823495467
-0.0005337863261914551 -0.042434305807021136
0.054649084788277 0.04890472289449538
-0.09639751762713593 -0.08032624155882027
-0.13172267806736362 -0.11606025709926038
-0.017891282864897468 0.09851653554065999
-0.12713045901492603 0.1000244958348306
0.053088482684332 0.06479089065846334
0.17465682933574558 -0.04241118129493777
-0.004477991123241152 -0.0018578902313853298
0.028929055515416507 -0.08986353732389847
0.08987978173375676 -0.007352235783555113
-0.01359615336745172 -0.04942603202275607
0.07036770318125149 -0.0690515405961233
0.11251099236110342 -0.03923103250224439
-0.005573208173001727 0.06176653301376499
0.05435564752501551 -0.007524316824145915
0.0784070223565233 0.08913258213313031
-0.10655852030786515 0.07028361822394484
0.007086232852075217 0.06543984643815054
-0.021629014935649993 -0.07981542200908169
0.013320988854133513 0.03281446724687996
-0.01844825767918742 0.0284346074915453
0.12080410650368756 0.00894273690766675
-0.03757820232823189 -0.0061512445632667225
-0.09126157679906395 0.08349596731895478
-0.01613198080701893 -0.03997443353688475
-0.1199239216489249 0.13444819721334156
-0.16956817235406674 0.05614719376611482
-0.07703869456657161 -0.027810559266197382
0.014419840658667249 -0.045854005565710086
0.0025819337072893614 0.11861570609041848
-0.01926066299246631 -0.04725176580292073
-0.026814706852986418 -0.03842154151888798
-0.0602814689342011 0.022253895531624275
0.08303625613298742 0.008469645418923021
0.12890496366811102 -0.10980537330423198
-0.032380925068217756 0.1240219029191841
0.05688432255447406 0.008303664404215889
-0.1273131032928522 -0.05276206990140835
-0.05573082136100103 0.04860992802398061
0.026485489758574524 0.014942269199363974
0.008904341424144431 0.001807541789523601
-0.0623065094733108 0.06561512044883948
-0.035036479742638064 -0.04826489088216308
0.0614384553656207 0.007341149358457442
-0.03771324803466689 0.004846727700250629
-0.009166841427421827 -0.088433851319683
0.035678328299809256 -0.005024870730114856
0.13169084299787787 -0.005464256652366935
0.05440482757431282 -0.04565454998618904
0.011128666325586387 0.020223475454829595
0.07374862959624874 -0.04019367287691514
-0.028081065103067886 -0.04681204884974852
-0.01678950437530642 0.004548803641410136
-0.053633560659402356 -0.02995745494769523
0.1901683738318284 -0.07714345443594212
-0.009053803734865237 0.04301714720141411
-0.07324098078339916 0.08526871487074351
-0.013558527475271167 -0.013830775410357878
-0.03277770061918577 0.07405830335753369
-0.030601242943226116 -0.011763665199121195
-0.013159237922083468 0.004136777936230692
-0.025723109127658312 -0.05920633846656636
-0.019072148833288918 0.013454658683333957
0.13960740401344687 -0.059668384612509985
-0.08231185987920675 -0.020553304749374886
0.002632393921395266 0.004593529943928693
-0.08022537880360961 0.03273879404479757
0.027036203589143694 0.06509360541208448
-0.052025725864958475 0.054087063333633986
-0.06187528915614322 0.003215192528960527
0.08430847824601394 -0.011874388524237162
-0.07882396152814643 0.032490284218458634
-0.1172815379405983 0.004069254905692725
-0.14575791664599452 0.022672428011255998
0.05985444349510229 -0.03805752600766183
-0.040974377574163154 -0.0006486897823731457
0.07532432025356176 -0.03975704726941271
0.09652088683862804 0.027263934803362238
-0.04962599848981666 -0.031566120276766835
-0.01695932872139638 0.12078808130327008
0.004863416821329213 0.06874649675968947
0.16579691644139313 -0.0357242009784663
0.07650908036520239 0.02639556458921832
0.07049671256750005 -0.010464693790248123
-0.0013992894351614177 0.14521274214791688
0.018713970614366294 -0.0018146659599411828
0.034216320880955074 -0.04202561262963575
-0.08290427846399845 -0.026476151905122758
0.08181052978673792 -0.0009634715336950053
-0.06434388374151338 0.08611547123411424
0.07400515061305872 -0.07967557241174189
-0.027159523015795665 -0.009960437725690609
-0.11233032476283775 -0.053307656520623935
-0.10500901632002844 0.07701811552101803
-0.08094872058815498 0.11293008126876904
0.017614051777331458 0.03247420371797342
-0.03913347947440889 0.049891206676053984
0.025621571403232474 0.05923584692563769
0.16334795636231209 0.02927212900422888
-0.12999628627064672 0.038704545303778454
-0.11649840235239677 -0.07483068021411961
-0.09726449425768453 0.04463164613547522
0.08161415658553053 -0.011759658317185931
0.032870936501470494 -0.09993483188556203
0.029579374504251653 -0.01733663127254303
0.21936263499559117 -0.13378440085334134
-0.1080214466498369 0.05655603962754041
-0.06246622447196914 -0.05269587449164265
-0.015114080786785304 -0.03209672496576596
-0.0610038009203235 0.018521517253778944
0.06965385473796161 0.04900197504688208
-0.0033994840322563837 -0.06160134200693041
-0.08892157629777346 0.013313623488064355
0.08410309620977485 -0.11848459992113188
0.014836434345259815 -0.00292223609762792
0.02103174983095744 0.060333619108234385
-0.04361588898842358 -0.06065261804473434
-0.06974665428635086 0.025774265282499396
-0.05562097097556223 0.0618256634929709
0.07803936824414508 -0.03375991635301029
-0.034215179498451716 0.11645174959902367
0.05399062179643712 0.018235958223415685
0.050463206047371735 -0.01806655474010791
-0.07129239514708871 0.05214530754038342
0.012397166720426393 0.018430734702108976
0.017750508322697298 0.0378711530217952
-0.07538616814286692 0.07033616161973831
0.06961180241695508 -0.01166729137388252
-0.058244977014449806 -0.018617148938648763
0.10185541468373151 -0.0354070983422906
0.06609268466708133 -0.06728842794964633
-0.03949190418177167 0.0266913016503911
0.11196756699228211 -0.024049054691444305
0.023588745213556438 -0.05267885656176653
-0.0629923062998928 0.08781251109628993
0.03590090501672259 -0.08010360426273053
0.025038723633212242 0.042831638630386165
0.006196702559361096 -0.10263100475000397
0.10309498038530913 0.021510468228205362
0.05281481585115507 0.01446713680342403
-0.012092480308650814 -0.012328758155791963
0.04949620429929422 0.0817145535283891
-0.01487895938014087 0.06552922854239165
-0.07034082690745082 0.03248507911240588
-0.08450351442207658 -0.026473823742649998
0.0013477511050419212 -0.02236871615538364
-0.05075057170456974 -0.13978135193170704
-0.12616594001192383 0.032774820244722544
0.030333811327211514 0.12498999772793865
0.017790070426462575 -0.008420051015833823
-0.03460040923858389 0.07134009852905242
0.007539482934936047 -0.07133344276649703
0.0070423399524611975 -0.022910132296555915
-0.06809400698436602 0.22247383847831884
0.025106635724669105 0.06417641077958881
0.02711385256973508 -0.08592743852537753
0.033684238260679386 -0.016740368880736562
-0.19603872515913437 -0.004409235373787864
-0.00942670280960386 0.044898367630849936
0.02231390825061029 0.06980765995158464
0.16971378229870016 0.05864210747571562
0.03164596764667949 -0.08056098370484613
0.058367413681708794 0.01683300130721546
-0.05099798573132037 0.039971896883272455
-0.026019650573582506 0.02069782451118332
0.0015414005097981554 -0.06895450952096802
-0.05006528232440286 -0.019208691082864653
-0.18828763540401197 0.05131991101623017
-0.07068126320946885 0.023476317890192475
0.031374947008160535 0.04631812950619389
0.09244538929936781 -0.0544899946643131
0.15013897080472616 -0.20753914326487524
-0.02523580633579513 0.08810700561049373
-0.06846813002924146 -0.009487093711354396
0.053408003466494824 -0.2249113259130033
0.004128026343613207 -0.03333468707536894
-0.021076701878846017 -0.06479038732312224
0.09186434029536876 -0.01922092371936089
-0.021767440127119928 -0.029942157514919382
-0.08375973479845057 0.007903282612857575
0.09581779870077164 -0.17507241008435365
-0.027747938318406586 0.006569920769618012
0.1707143160452802 0.07661113999632144
-0.006359026350830136 0.032339809828849944
0.01667920888064346 -0.03222527707001764
0.04047197526419529 0.028149033859013115
0.07350533413514065 -0.031006677846062144
0.04153060845931413 0.11095734798375632
-0.009729660586538874 -0.032564256776527335
-0.06276618175880436 0.07858685820449286
-0.05303320750005097 0.013383963391445396
0.05825760070299801 0.051075069056637216
0.07834144089286561 -0.15998361137295222
-0.10395495040806585 0.058360692035403346
0.08567167067026445 -0.00395487031135591
-0.08110722942708215 -0.04754480549635075
0.06801590919400714 -0.034659022918734905
-0.08032370500448142 0.057813507333403076
-0.14803459996092536 -0.02763211119835225
-0.14014726183164553 -0.0030814493541787757
-0.17761042465716112 -0.015185045240413647
0.014957312287591583 -0.0019030690792780664
-0.06688047128367149 0.017488375647378547
0.12264724492353822 -0.006009709625029808
0.01982225902595867 -0.04042344360299431
-0.05871548511219579 -0.04401887859921359
0.09503781188660336 -0.10479797252686586
0.00971319573731426 0.03316934582212418
0.04614448868013455 -0.10541792458414673
0.10606511442642659 0.04691407484753975
-0.029084000840870136 0.009402218137546364
-0.010322463275806187 -0.10745788746800328
0.0019959104044082183 -0.009012495725375661
-0.003909266613429431 0.01538341614556192
-0.11563245451899312 0.017833932094206615
-0.03488949198727686 0.0026805438227834335
-0.12452873053472839 0.029492926067354066
0.0037367539390876893 0.08954102683632863
0.03423012876874756 0.05136386434048099
-0.004676022680186791 -0.028716023379551505
-0.007405729373969346 0.11362470473032625
0.029947462689706723 -0.005882912006301489
0.08722106194923562 -0.16865986617210058
-0.055877033335870026 -0.027653174984850877
-0.044903944221868726 0.04244507010819746
0.06193916970085618 0.020115431859471712
0.02097003277252182 0.013329257595115815
-0.015391376244343209 -0.06359727975944135
-0.07021048510772401 -0.05273427116232088
0.05431406650970425 -0.020038774361542264
0.006695229238746018 -0.06612968545149889
0.051829951151777305 0.0756921389386975
-0.005557484665811948 -0.08421537950785138
-0.06502782597595697 0.004639185352170525
0.18786868872038656 -0.04214569792588644
-0.06512817250357782 0.03143476552563649
0.12391743778272417 0.06150971274593961
0.06690178941926189 0.01438816509494239
0.05538315663778977 0.04498222459958625
0.07774299405743874 0.038334245461427885
-0.00222116576989097 0.05976365015984165
-0.03182080085078282 -0.02003769676622475
0.08543612658574372 0.1702017472084712
0.018669402699070914 -0.06567407516506713
-0.0021415739618448823 0.12902402952885836
0.05263452449319035 0.042360511548223824
0.036290852152047415 -0.10562917133216686
-0.06521546139245428 -0.045767742149038115
0.048013809078653824 -0.02346522548206546
0.059660990148893644 0.044391227538260775
-0.05404806512636472 0.027011992247493934
-0.0019796064116411405 -0.004309899611835081
0.12658997568797678 -0.04059947762094825
-0.07723753864423698 -0.13626361228187536
-0.04412143121283675 0.041468447332895945
-0.08431440747456036 0.029674353709309365
-0.09092834438293727 0.04137192306261331
-0.04409545888536331 0.02413486207180825
0.1829552882951625 -0.0018649453087675003
0.09780331088198208 0.1418064421848207
-0.045062684189479056 0.012790286382811785
-0.0035939180064891284 -0.05860163368946383
-0.016720954518810765 0.054611608927666276
-0.009538709490885257 -0.044500302180400596
-0.07876610416097161 0.012101197791214697
0.05597318595378611 0.06188131076129178
0.002078734926011237 -0.045293423453502256
-0.09456335305573363 0.07405213575374116
0.06523885296117646 -0.011960061210519837
-0.0854068796784508 0.04752985270519657
0.06069761044785896 0.07974184536413433
0.006233055962438383 0.03259359969787264
-0.05561176812426587 0.10617935638396464
-0.007937513587790778 0.04575130383322453
0.0026864464231843195 -0.12124793566606075
-0.08757663588096122 0.07751524786300129
0.09177513165610103 0.08456647866563241
0.05669019828783531 0.021527219784489994
0.005112051906496734 -0.026296005925516175
0.005267731219023222 0.022482607316920294
0.07311078401673979 0.03021171510485657
0.06048018381350233 0.08537413609636639
0.04733934886128958 0.07214104256835922
-0.012026815954122536 -0.025566689244963407
-0.09725833677229018 -0.03271551911403513
0.06220927665807459 -0.08679911306898073
0.000710558538021261 0.08448389351206118
-0.07985204867578738 0.03510537285953485
-0.1226824670954958 -0.01686856022318225
0.07916087251106779 0.09466508872080749
-0.04373187683039971 -0.021395715155203367
0.022154003740688266 -0.009784243703224064
0.05808892464044795 0.026993096902178344
0.05957515138405341 -0.12138910473993612
-0.07361850530879652 0.07820777216053763
-0.030994774853145318 0.03837977320008104
0.0025034595793328976 0.1175891372844205
-0.051407887187400296 -0.0926985282847313
-0.06505771510543396 0.01472076168093562
0.08482851255067593 0.0861680024711212
0.024568548435350543 0.10918922180161
-0.006257260527296877 -0.07615406899650455
-0.09333541414785032 -0.04716677407137134
-0.06408929428180694 -0.13734091261063042
-0.00029872659436411226 -0.03949854292427222
0.10573016341945139 0.012537743404107625
0.013568320181209568 -0.05521899226086002
0.04731414528971074 0.026803035368427566
-0.052140743175949945 0.09532720501258944
-0.0435477348066697 -0.007666285499224324
-0.15824896882957656 0.03866149862200353
-0.00228831219622469 0.006911336849680865
-0.06912222413235419 0.14046402429102225
-0.05792212076883163 0.06752156730444674
-0.03867008646228811 -0.05476965240718249
-0.04080634525332124 -0.0898921940687922
0.10496279105919515 0.10702466548665447
-0.04093701089297689 -0.015473869155323077
0.07516062228923306 -0.11722570555420865
-0.14774081065343406 -0.022452726667214054
0.1566843386525654 -0.015794709694575096
0.027526177320537727 -0.00241375622355127
-0.02802783871752796 -0.11891400667561461
-0.06457983080271877 0.08015061071124263
-0.0807688464760202 -0.03415489763145154
0.09050015264557629 0.06242661905423175
-0.12149142920473693 -0.052659603261510396
0.21210973638397454 0.0037949048793120142
-0.09660887337775838 -0.04138357972355611
0.05805508085241896 -0.07062377898814462
0.09852114119281542 0.025510960783888995
0.008340382775722925 0.07652745636756439
-0.06062333641136833 -0.07638063008101208
-0.05617367042798599 -0.023466882720943095
-0.1843927599546041 -0.10437095518083056
-0.1431728421470581 -0.11021732000415131
0.05862164780256523 0.1058626416040107
-0.030199963213254848 0.10045422147150386
0.03175452315455718 -0.08460375193596664
-0.0018232013725897147 -0.059910838068880395
0.07032779929256551 0.0031898264899936947
-0.08573855884745438 0.0008928857203964135
-0.12079746013679118 -0.034654199584009004
-0.05913522579625946 0.018907188324545656
-0.08155997838786387 -0.012278888497073677
0.06584424309985704 0.007154558680830417
0.11642763869563875 0.016945870731760338
-0.10171006480505533 -0.13286657633977156
0.019499057535020806 -0.011865231249453266
-0.13514564843396698 0.1473684627752621
0.04774881269294457 0.02559119228039445
-0.15349271921406824 -0.07496187717874851
-0.09964723126983305 -0.017032104727012092
-0.05353813884489699 -0.03294786898617584
0.04170968899067894 0.016305937589033693
-0.04560724858228329 0.04197909720710567
-0.11951579529498253 0.001383712399979505
0.12826818252231612 0.0048697078297694025
-0.06461425723220704 0.03424414069829487
-0.10790098404095026 0.06464462872359487
-0.059551894237220175 -0.11054778937695724
0.0024005595820839865 -0.07338921397469717
0.07535137000831099 -0.03559190411421807
0.03968161892624596 -0.16166705048658528
-0.052014884186637 0.14130851920433693
-0.08922836532332243 -0.06128965873005823
-0.014247119624485355 0.04613077095835153
-0.03509386956615691 0.09805465541176489
-0.023941700761118012 -0.021827829999496295
-0.005122856833653634 0.06456897288655668
0.1265259015679193 0.06936112889109287
0.017435822732036206 -0.045924730426245716
-0.19771384919510845 0.027589479693284343
-0.06192103149285838 0.09495249616746296
0.07806695250826409 0.044960653391000575
0.07231999503958973 -0.0775270782940509
-0.12474941984652033 -0.011818367009052576
0.045869376289950615 0.14414276418586627
-0.017637562720652075 -0.026070604358630962
-0.003893365302767096 0.04290280078029011
-0.01596453974472165 -0.08813493871306487
-0.10841091901807601 0.09675796901295478
0.03161845896707369 -0.06655364927959014
-0.022471230387687027 -0.12335496460222213
0.08445236188713602 0.05479641025485516
-0.05928315622617353 0.09907907982313777
-0.06909471880401151 -0.011158094387292402
0.034210650661936834 0.03324942853719854
-0.037846837391833435 0.010457762419556932
0.05532825369014502 0.05819939004233122
0.001912136971047666 0.10372053743219727
-0.027342443225326023 0.06501446025323018
-0.06793373941632061 -0.07923228396401923
-0.09714460894466907 -0.08560586453817944
-0.09824254525367669 0.04869113108165848
0.04057583453337203 0.07333411989795863
0.013841750837664127 -0.06104173939631977
0.055978645680350825 -0.07489828022289537
0.15570273084293115 0.012876512939825438
0.04641021159206907 -0.005705267023219006
0.03928871573514237 -0.070969549341964
-0.006793529597233115 0.09608171428958838
-0.034442222856974784 0.08646000205680382
-0.040490724116645366 -0.006809331030563701
0.02953277880567146 0.0029582966098834506
0.0914594687397432 -0.1540935239098612
-0.015651424247756434 0.0010244470492305484
-0.11293592672134366 -0.03278050363838874
-0.02078671217893479 -0.04192316841982618
0.03142343517845645 -0.06394053918294501
0.09697479278111734 0.04889361207572557
-0.04949944940706309 0.11479844059550105
-0.06620492336574954 0.04186903223054771
0.01573193300982535 0.05527350172237336
0.0057453755811711 0.09570196306099704
0.021915997099282162 -0.0016155678123806205
0.0479250053545365 -0.01053905554267099
-0.07303182484191673 0.03145982512490109
-0.07358097062161664 0.13869133532116823
0.17825374675680525 -0.05547664932676907
-0.09580990745577843 -0.004477427475750794
0.009824008413251976 0.028697124538346015
-0.05713394388110693 0.005960216994587287
0.04623075993129944 0.04967957075736407
-0.047328388670573894 0.026936731977100205
0.07574477482586692 0.08753779973520126
0.02396519674615947 0.06834285288526047
-0.09355461113763107 0.012481488554610402
-0.09978412422681376 -0.12364817387081377
0.11561574659256281 0.006398139906437406
-0.14480913516744273 0.11953472517239085
-0.07736123144175515 -0.005069752148643808
0.0011063225062184145 -0.014299231348797613
0.04802249359540305 0.01902318109789004
0.0657828273135708 -0.026843525252455626
-0.020826922990664697 0.10127949067784417
-0.12621385273456864 -0.09627702353019041
-0.036492715060272775 -0.08424825928810199
0.010480536689467327 -0.07842339403318928
0.0901054312410203 0.015818845613075803
0.06610466836672113 0.04068831645217737
0.16772267544984987 0.03088589954410853
0.08600519948320626 0.06752304245411114
0.041187707596749154 0.016850024226211197
0.03459711869113129 -0.07173276323252052
0.02469766082865236 0.05199152486360174
-0.009042500052766491 -0.05760201770668305
0.09662363949393708 0.0012232003807205831
0.10781525771900763 0.03882779956223338
-0.029363471695873715 -0.04184396758974256
0.07967672780551356 0.007853470122396108
-0.03903630066325089 -0.07683441005251668
0.11804940450552658 0.03988524024178535
0.0745388253805564 0.014929818552927309
0.03670544880692468 -0.004232875679707402
0.012578920982588459 0.0063090863937414875
0.07393477163343055 0.0957167738226467
-0.03547352030787916 0.012443660513809289
0.037977829067196954 -0.0935083487644038
0.051046218618098965 0.04005701436976046
0.011416677830629586 -0.025223263152700723
-0.04766835054532731 -0.025235565832201184
-0.021045367315505402 0.032964239687304754
0.019231741140523142 -0.16470097177334472
0.059699681648221606 0.05362097583591348
-0.032918226472543104 -0.04229606596468829
-0.02201831313216091 0.025383963774869078
-0.04090078197912207 -0.08012206228987492
-0.1172195798314656 0.08543463994108648
0.08177615173660839 0.11428888360358748
0.02267988800488702 -0.10190725833751214
-0.04356386736372182 0.13339859419378441
0.04145529308045162 -0.01920140834129617
-0.1319375317251752 -0.06592544286201384
0.054133472599292305 -0.02331921441560033
0.08298874573182029 0.03210540406936636
0.030951679054694092 -0.023904987307153177
-0.10137490331226542 -0.026730114233936994
0.11352056493736565 -0.07996066837686834
-0.014780454729052508 -0.09365344237890211
0.08613403602944976 -0.00152375176864917
-0.10723550707057995 0.042829263881243175
0.03909667416251532 -0.02215131464020805
0.0153793428915636 0.06445395979785361
0.07543959008720581 -0.03996162699863948
0.06555174289271734 0.07808182309713496
-0.03267827743531331 0.07273808659745117
-0.09356145871227184 0.017577728970355033
0.13058121273714113 0.0688532639322591
-0.06836586273213925 0.0631653208312222
0.021283013605025606 -0.08668814256997359
-0.11483345159041645 -0.05244110045144307
