-0.08806757671237131 0.027018834688640483
0.034995566379040645 -0.03602778507678821
-0.038592618212286274 0.11200798890741798
-0.0445157017635461 -0.03439669723895152
0.056889131307226 -0.04164620609731169
-0.0040822963112835285 -0.026217133401681546
0.09802197737737962 -0.020307920645937793
0.11458452451798257 0.037536793750500654
0.03629939591999409 -0.05323084295089404
-0.14575299190684557 0.06607580621484835
-0.034014595146565935 0.010513899122015412
-0.004687697186083724 0.08119054877757886
0.024581763881421914 0.04368762853129194
-0.0974012399317864 -0.030716248853166678
-0.0048091653586183536 -0.0009528252415908164
-0.0014617236773715576 -0.008355540677088533
0.013786776547778993 -0.011172609404166511
0.011864050864067006 0.13430877291273105
0.040169700359443936 0.010087818606075731
0.07858669712193535 0.011109307603496519
0.12381541416916973 0.017924694744293878
-0.04477411610117881 0.01647399849364667
-0.09769057211645461 -0.01627590549392051
0.10451156970973735 0.08573618829233952
-0.02965579977644172 0.041506552466859255
0.08133302345945463 0.033089464705523014
-0.1003224694080833 0.09120195407666956
0.1461975348813903 0.04547417701970039
0.004813352257387376 0.001077462231956862
-0.06638576415324124 0.005228985248942098
0.07904956889981675 -0.21227144445488796
-0.08136110353781531 0.00037203141491707915
-0.06748240635697891 -0.06165321902777686
-0.018671609518552786 -0.07179387482528705
0.14276811231574596 0.015595020513083526
0.05404222490835482 0.005345490373403726
-0.06872269470731464 -0.10856819917006741
0.01738688731058246 0.032848728673016345
0.024547657842968314 0.04402447942517979
-0.09444951690288206 0.058172304405751336
-0.027455881832300882 -0.030266669662707378
-0.09712149507789741 -0.0922157193326671
0.048016735133551945 -0.04424347982669168
-0.11586052826189186 -0.05332926733983115
-0.032706391892778415 0.0459857393947511
0.031285380602729916 -0.07773773502395023
-0.018457633679510914 0.03872651509944363
0.026355767653037303 0.05943886905823816
0.029603309660857637 0.03690621447513674
0.090353756947146 0.0448378231701227
0.12262034686230294 -0.013890517955968696
-0.007966313287116415 -0.08889747806387423
-0.013597305258937278 -0.04913267893329147
-0.12404420239891507 0.01245178369697402
-0.01666080176329147 -0.09686960853692221
0.004787165632684328 0.05129748082441924
-0.0015323948403131256 -0.10463332371882464
-0.1079782647394165 2.978063064341785e-05
-0.08831197462565574 -0.041265478007095575
-0.0013654635037642587 0.06322178579047907
0.06912603605940744 -0.017287415005848673
0.005040995142145666 -0.016425771755056322
-0.09139732054018425 -0.05084211064838636
-0.012803423498063859 0.19280923632303293
-0.04149033736715975 0.13828158947177094
-0.16909140993352265 -0.05611362930014993
-0.02375185193079623 -0.10346736093517205
0.06275357742852654 0.15122747031996447
-0.057892210327409765 0.059089675911930185
0.04046107523470079 -0.07146240880883031
-0.08854971347705441 -0.08806777485256598
-0.006589868332324691 0.023383190996023477
0.033959336972778684 0.016614274464522034
-0.04958532997112191 -0.026293701783888436
0.004634834288812173 -0.03747433000977959
-0.09415704070572037 -0.03192531597743651
0.03570725038420804 -0.047249593052685265
-0.11501249814035043 0.05642258091941285
-0.05150892189469046 0.07442812671566547
-0.05069749212004509 -0.025221345729877054
-0.019363497572075387 0.03944096024842809
0.08197584851647512 0.009104432014631762
0.014343194635425998 -0.018149357365314242
-0.02139310599828929 0.014753573499599873
-0.09134013890644446 0.06777859754025659
-0.06940741936932754 -0.045118777346415166
0.05235515389002797 -0.09849533723344892
0.051111112099032394 -0.07508164585166027
-0.14186654803961316 -0.013784565646464714
-0.045020045170720314 0.061744302377409056
-0.025431752884461555 0.04998194307557112
-0.025117370069470003 -0.03266979661308329
0.08212075861284347 0.017538408306126848
-0.036809581910234285 0.003640934523471094
0.06426149699451257 0.042132301221646296
0.058494807331374424 -0.028896685623789324
-0.04252759708608924 -0.031822331381559016
-0.018785750833977155 0.0754018351944024
0.05639584049159611 -0.04200085198033137
-0.16437819012325153 -0.053847345742541596
-0.1248182216615423 0.03282329836931771
0.02847871689379478 -0.03498555113447498
-0.012663707711387561 -0.05458509987269463
0.04271887011271715 0.0012081060993873057
0.12225561261971685 0.014509910104061993
-0.024283378699221352 0.03933699507183803
0.14268666913329184 -0.11876067104869549
-0.012089737852283155 0.13305047999962383
-0.05010534417159352 0.039384715429520836
-0.07484042499081194 -0.03192434993051872
-0.06455998976105916 0.10944250265053043
-0.12192841462490253 0.19985752320907857
0.022633865657391224 0.12698024116334652
0.05337116853168718 0.030728176004838525
-0.024519978110707726 0.003686182218748072
-0.07440063081283821 -0.08734379480288938
-0.013940026781586068 0.0026312002540057116
0.0159165852030173 0.04151169252649393
-0.10297639435027672 0.06524749737768265
-0.022496715746096765 -0.0625404904937386
0.007263876483742241 -0.0274179177014737
-0.0543911166840043 0.016382257797333762
-0.08321185478274745 -0.0754872283511925
0.07795972175333236 0.0050834380057611745
-0.0511231784106337 0.058402007773129205
-0.022198012086662916 -0.007895933049732608
-0.12433819630053669 0.046835995790492586
-0.036667184845605834 0.08334449074945134
-0.057533371393280616 0.04492409636724071
-0.1042264165679215 0.05556200747082015
0.001740511061956777 0.008648485119443413
0.04964841461954763 0.03786531729395898
0.02110164279149408 -0.1135691283035141
-0.06834889197740103 -0.01884484954901589
-0.0920405813514585 0.07600509915864817
0.1291723530761958 0.054221718739702406
-0.06547501516338526 0.052956273951347686
-0.007872827518280816 0.06626780279893006
-0.04640676549735523 0.00995772989413051
-0.03746519159772917 0.019032233103202154
-0.06138922287234757 -0.06813524928445869
-0.050933653803562726 0.08660712170080356
0.05785643042689386 -0.08747309945921244
-0.15427990778050563 -0.008284028188604171
0.018583651771916065 -0.0032391491744145776
0.003662277299547705 0.14971069278913818
-0.12947171763108947 0.12598870158669878
-0.05412807660435523 -0.01771438944762343
0.05357316580271809 0.10894439087478737
0.008250471135990183 -0.18450868882624707
-0.07651019429135779 0.1181971963027121
-0.09708775548107058 -0.09643386176313425
-0.026364344877549857 -0.04746743766283218
0.07487915232413914 0.03288571675199522
-0.01552263608413772 0.015416939645495556
-0.147870575017791 0.047711690104494546
-0.11660918092935521 0.09312337828628627
-0.16904841614337257 -0.01253573327424922
0.0589948114600219 -0.038577429119636686
0.07259544111746148 -0.016560614397229584
0.0009955740860767889 -0.08183959741910417
0.00537425566244966 0.09163843339264388
0.011664781898944295 -0.051512984418888304
-0.01735490551265403 0.01821758266103083
-0.003908830247767865 -0.048513033956676443
0.011665467686922512 0.15165717927955166
0.10179485847916019 -0.024782552063610915
-0.0023987306887085723 -0.09659353726912884
0.016666716654634456 -0.1262705435473259
0.08504283456509616 0.09801618186860994
-0.23270633521831213 -0.030722654470498025
-0.00012819855718519232 0.08266288722513372
-0.04210897513608813 0.14158302638331863
-0.04873315804094965 -0.002035708162836557
0.002463884210756793 -0.047966215534034164
-0.05218579478797402 0.027296977878017447
0.03309529922778306 -0.00815393339008867
-0.11475858891748981 -0.13868670736355107
-0.04131119370795211 0.13042213439599742
-0.03790932372395683 0.08250218464017596
0.034548850148194754 -0.03713449029811404
-0.006010466597968313 0.04352515162667235
-0.013344685290954285 0.028736414491531016
-0.023381649732432983 -0.009007096383995408
-0.047679429255014824 -0.12291780732916616
-0.0026309691623127023 0.0675063110534231
0.05293639637948942 0.01604860762757881
0.1616107034346495 -0.006235045357793578
-0.028090226567435397 -0.03588601537284178
0.0350894450547842 0.0840044328239959
0.09254811552215411 -0.11942845933370269
-0.15177763448949974 -0.056466404397487124
0.13947850625343683 0.1828926688083946
0.037968785143441014 0.058217816328568706
-0.019507678317178354 0.05082282535306476
0.08052002244350863 0.003950595774273334
0.07746598487032497 -0.047270601076304423
-0.026482876176073675 -0.05662015728488765
-0.03554328184699333 0.06713929310398875
0.09532232172627252 -0.03635990860774218
0.0061013675395497876 -0.10728491215554531
0.023316232255214852 -0.014255648991290865
-0.06987168180062657 -0.06341387204417329
0.021852945211924085 0.02250789612602998
-0.11810077348738623 -0.058273157269852716
-0.06463873617970461 -0.08010982015892365
-0.018164731121661636 0.015289136721476805
-0.008844504083871182 0.02041533032447572
-0.029044862828665276 -0.021696129542998717
-0.10112944311913388 -0.011234211724684095
0.0407822825258478 -0.03910042056451989
0.1256497950008083 0.11082623140875954
-0.04827146388049421 0.12130071390097272
0.0028642161509424722 0.022227483057247276
-0.135583207435371 0.0092358525490002
0.02772506478601347 0.10844453313287328
-0.12295634070655433 -0.0360279967003297
0.09646150688490743 -0.04541391079490282
0.0791654602002322 0.15209597166596467
-0.08671176304446741 -0.00609319951335808
-0.05639457245874764 -0.0203557613443297
0.10185687191171304 -0.12864766336287828
0.07099225425799248 -0.15758956343852876
-0.0752828639991686 -0.03390950928541512
0.04227011697600484 0.0328890979082661
0.029370374539583025 -0.13015969962602184
0.033071611607343676 0.058543778213830264
0.12795530512695794 0.058914506569666465
-0.04629103318520195 0.11144132827728631
0.0034809809440837533 0.06386031513465744
0.05184816482035382 -0.021732598397226778
0.04781608641899001 -0.07358370380874098
-0.019753249997661808 -0.0877536008203373
0.06989926892379894 -0.19385925075981061
0.04732109707064745 -0.0563711472793147
0.12310298067711088 0.12403604552407049
0.0027585758868309183 -0.13164384360049464
0.01968445916937219 -0.023703104717356788
0.04113335956676129 -0.05977965332589672
-0.07789705845672175 0.00378418236550766
0.1034778262868504 0.03878150377419333
0.21250303110854227 -0.06677001392833708
-0.15456106010497356 -0.10674211538841724
-0.028759540787834284 -0.15959847286630666
0.06069680058100493 0.06844161851784782
-0.025681856638997233 -0.03726021094762667
0.06120289402180145 -0.09901548280479804
0.07085261277380533 -0.12664623695452576
0.07913419271459797 0.01307181550928364
0.10450324895475943 0.08132383310213699
-0.034765698760975884 -0.00589050678593146
-0.04802573566921652 -0.08386201188030376
0.0566766568840016 0.057215367443858904
0.03373818558854536 -0.11293897090735523
-0.02286320207512057 -0.059397327235549476
0.07476633494553722 0.14406649259292603
-0.043444600326491056 0.01240029099297643
0.09912456766606026 -0.016448992733579453
-0.012113805604231875 0.11490683286267454
-0.02882232204136391 0.031003843560919373
-0.016009641145593598 -0.03855624547065875
-0.07296399380062285 -0.055105315282091054
-0.11592991275262654 0.0322243041077569
0.01896092649875587 -0.005355895503661984
0.0727693253642798 0.002539360941746619
0.11671972345587837 -0.043636330025727504
-0.25648983013154264 -0.060585717580235655
-0.06765695175617617 0.036800507968423934
0.01179929995998802 0.07805643034405409
-0.0945676073309756 0.03878387932934309
0.0069871733953443885 0.02743173394355795
-0.11556892501647748 -0.062032552793030174
0.060393891085819926 -0.06267098252025534
0.013039357082786147 0.00630473188897708
0.01946006247453542 -0.13614301858471317
0.04344634928064485 -0.03215176641611912
0.006592077445122221 -0.028662331826141165
0.021755539729716195 0.105996317354711
0.0072045816853136555 0.03180728080885913
-0.0015643380704481668 0.05756296015546341
-0.034797987279596716 -0.07715354178879631
0.018011791293023497 0.032945740686763515
0.010770361491738122 -0.03745562206542952
-0.02443086319347023 -0.04630980817889204
-0.0006298058525511056 0.03997176360161412
-0.13087799166644715 -0.010874676410832722
0.039499478764035846 0.05976191904026028
0.03683493804494161 0.023236759615429023
-0.013214479907239828 -0.09071291058592529
0.01436824766643167 -0.016765598541316953
0.14468597140289122 0.1009186468130513
-0.045975041547367874 -0.006960711413541737
0.08088375435327186 -0.05436269495079335
-0.04239309908407272 0.09451470610868244
-0.025756153453361602 -0.03906075371107186
0.10027101507605435 0.09095554064805537
0.04170187783055383 0.14649182326716687
0.042355006936188065 0.16481359088482447
-0.034960219992746226 0.02795516375197139
0.06416921888365631 0.015963905009764388
-0.10085796805728707 0.04795379383061924
0.05460725536397717 -0.0023522039868256964
0.012071487065193232 -0.026683681120630503
-0.07747665973547042 0.09157535875369055
0.07122302825658453 -0.11558433677293464
0.10691558186719644 -0.01366263858031641
-0.03212546070941063 0.006447796194652684
0.09985740139219543 0.025836628748728406
0.028577434743877764 0.0437336693751834
-0.08522128146465721 -0.04803603686901104
-0.029521081821697118 0.10212892106583123
0.049071308239927704 -0.09448151331906277
-0.10922778234722695 0.024825358886310964
0.002168454326905233 -0.1087052670293298
-0.08853157906163946 -0.042336865787248955
-0.051317000366727074 -0.08412098861526407
-0.09420980319828375 -0.07312167454470471
-0.054310214623311585 0.07987890439090785
0.014677086740529812 0.05235945164314326
-0.11652130335884901 0.005212673277954513
-0.08028380041306107 0.023492362229207437
-0.09354156062403181 -0.06445933995965031
0.081295116733738 0.059100594396425093
0.0385210676992014 -0.00988577840462766
-0.053666530279743094 0.0017674696503699302
0.07614085259990434 -0.07065563229032569
-0.12570517720186788 -0.007712922933008862
0.010711326109560819 0.08540731007060715
-0.03376719889917645 -0.08603762333982483
-0.04591308312642083 -0.10754026435683245
0.10387151193982898 -0.014637054835280284
0.017289537497481487 0.10719284755227385
0.046742307332221136 0.1048903226839807
0.05606543041164668 0.03170998066971034
-0.02023514283368197 -0.03909057094856281
-0.006751322497960605 -0.09433337391553825
-0.0005750930204975677 0.02339801773559424
-0.0484710629322366 0.008581302194648612
-0.03154198596265711 0.014751120479465394
0.03921186421728964 0.05023714285692459
0.1336037097327328 -0.03825028890677752
0.006494483187454855 0.04706366405999504
0.020757984886747554 -0.11097720899784247
-0.08419535606107485 -0.10719124807883425
-0.08253583636625776 0.03952791793654268
0.02801165027952434 -0.03875360680703402
-0.0742396009390059 -0.013578604484107484
0.103046649314823 0.04388654662780635
0.03911392149417163 -0.03143558290976587
-0.08993822039770925 -0.038483157844428684
0.004001634208968051 -0.015943596470650648
-0.05054718386080825 0.08527315863876903
0.0296069439464805 0.02244495137287498
-0.03320587211175041 0.13497737738744212
0.018762251733899074 -0.032980691346515684
0.08047641022502504 0.03972030702557241
0.049187232081066797 -0.020674358763907334
-0.021333085494388674 0.08398435829434384
-0.10692820473281435 0.0891657865044322
0.06102036255647041 -0.04435981990689461
-0.12006216007971962 -0.04170991508256699
-0.09198454318685725 0.09904800771188053
-0.04674371975348355 -0.0815007051508795
0.011306036284429897 -0.00404214125806595
-0.01748952803551413 0.0014314850337188239
0.04972023105264836 -0.11307677049899248
0.07574964024029572 0.040499247562163825
-0.05449792957807335 0.021684115562970056
0.037823667745833706 -0.004583634843349908
0.04728480073978207 -0.034340758742783986
0.029772275037822978 -0.054957178308265534
0.06278373484591755 0.16252582673269114
0.08123589151654517 0.007475266712840536
0.012431399777462075 0.041191707674377374
0.015371428051812793 0.18783439135881944
0.12665341510230838 0.06308135202290592
-0.000976773249601263 0.0019316431946461794
-0.05748825170478711 -0.12045354618627056
-0.10818679134943163 -0.03714051046774508
-0.025651549573655414 0.05260794362983791
0.011915683728932853 0.010928407227661049
-0.02280369929096473 0.006692090133189639
0.1675351189087257 0.001594844049929499
-0.11403399834243608 -0.038681973146653344
-0.05624158443138216 0.03516033007396918
0.19418336473514272 0.11567157228337922
-0.005943824836743399 0.05268160123256029
0.1195624830838569 -0.06193073105982277
-0.06952935112946655 -0.026551494559950213
0.1574890905781405 0.05381263291289231
0.1600101432991714 -0.01842142173446853
0.11726290755301741 -0.010031281916359498
-0.09938253468800896 0.20708009777783057
-0.04608767354375993 0.037009489353344756
0.10803837145308494 -0.13763863916823332
-0.019810168297194057 -0.098231521237103
0.015372050887612714 0.06571053610772185
0.019096335557082473 0.08163933503559534
0.15538275987769778 0.007742027568792209
0.12724236380625892 -0.08048809372816494
0.06738492061631961 -0.10780610968137547
-0.1038777773388117 -0.0413117787605477
0.0389748443267557 -0.09752986436503316
0.015086429471918853 0.0536652706732999
0.10042816345455227 0.001995771598020744
0.06296197297534413 0.10728367958234013
-0.06908628190520537 -0.01651847411631857
0.014963978013153141 0.024475362857441684
-0.05118518032185713 0.03972867276946567
-0.005817120288199698 -0.009431104676041975
-0.01014751112089678 -0.012432162904762165
0.07053733373841116 0.0914657950138439
0.02737673652653867 0.04886690290549571
0.06767269008760851 -0.04478403966383392
-0.10073387054648013 -0.0667122368456343
0.10930232906959546 0.006852228307327842
0.07404804098299499 -0.052136013946759256
-0.09498607006365933 0.1148538812729627
-0.023610718591558968 -0.1895839094255527
0.014614502358169053 0.08638217510322468
0.07577419282097354 0.05963074155007875
-0.027096404093126285 0.023835947604850274
0.020475537758735996 -0.060678487950012516
-0.0036294986981007474 -0.07281039722679686
0.0993662397960919 0.023319743467048813
0.03358480594913608 -0.14388736247206074
-0.13567208685532395 -0.021579873351203725
-0.009074572986998186 -0.03255454471889824
-0.08239047494581168 -0.1502803734403552
0.08569074722454056 0.03255260448915773
-0.10941226801566026 -0.13521512734982918
-0.07235633558463557 0.04285129907678363
-0.09495191076665303 -0.03315504137107122
0.010549987462618671 -0.10660077572766785
-0.026332890849909384 -0.0796439290802462
0.06074627806327407 0.0864779868925779
-0.06844126354288313 0.04122483700699787
0.04329974889566028 -0.026861112907775264
-0.02914641622673011 0.03624895813844837
-0.05372799771937798 -0.040003731481297995
0.014006846793411975 0.09454605969398805
-0.10114109843824005 -0.08044524345255354
0.008541293605281936 0.00862888078641298
0.0917676520004021 0.025985277756476306
-0.07404607383822875 -0.010331090104769809
-0.06041367767136708 -0.041523000096936866
-0.0069917208287682605 0.06217783789670162
-0.0013523311541512688 0.03250820968756728
-0.16262515931053118 -0.0865571303982072
0.09362625831625822 -0.056582922863259597
0.08271891147000285 -0.01854452762449608
0.0015567788373261882 -0.009510991021198576
0.0342592928233297 -0.07202612722982057
0.010182216717351873 0.1506985218522064
-0.06240348314853397 -0.0672787932245008
-0.046030885928699625 -0.06570646610132616
-0.011309631368714148 0.0639348761346792
0.03628471281068405 -0.04679227466990099
0.05917553869738648 0.05286469767600999
-0.0448675549497208 0.04246581350641844
0.15138633379149732 -0.030829115883581983
0.11283360269747385 -0.07500100289545923
-0.03561294461777293 0.0024909614360281826
0.00909721575827123 0.11971606527464755
0.025298728206186248 -0.007431164616194512
-0.03689832470871615 0.024106234567127696
-0.13995505615466225 0.05237643198138107
-0.039694454293748606 0.011767491104672193
-0.000755645637687434 -0.06359584359885818
0.07802025272571528 0.033761162267382856
-0.0843018463767374 0.02609212601243391
-0.17765853156559994 0.061007133125103155
0.05517018344448663 0.009337992557476436
-0.11175423821193961 0.05060220872702201
0.05174737972009217 0.030226445009515785
-0.15033368349848752 0.015782760887637946
0.12343484721927919 0.001717021273824415
0.061491061660351405 -0.06581734546980172
0.12718278886992063 -0.018150200841408174
0.011176994962223264 -0.06554152961163472
0.07142703417217738 -0.019063356363356657
-0.06856782424966944 -0.013404924630780761
-0.16383669644265828 -3.837893100549939e-05
-0.007038482193031267 0.02835718477728526
-0.007315060454818656 0.00048571672370608206
-0.004572105745112725 -0.0013137852466846554
0.00881865487180211 -0.026634851406594964
-0.07616924197762596 -0.16630190198098377
-0.03025117923180808 -0.04206746558887309
-0.09820755000850409 0.0042220578643554435
-0.005382770406577267 0.061710249041766085
0.007601595312023971 0.07873748795118923
-0.10018655021420372 0.07438122665851858
0.07209376156394638 0.0038121298338557198
-0.04185068956114657 0.03096815435929902
0.10298319064045815 0.052544224751182055
-0.03393829587527193 -0.005529559386981998
0.018445240260688767 -0.002349510094274225
-0.0496703829528991 -0.002642345180996951
0.08577162907754221 0.09762522822760344
0.05966088577965622 0.008467892927160332
-0.0028627779031109644 -0.08146042494384464
0.136817128335228 0.052476921473796116
0.14125848529693516 0.07916494117692299
0.03171186625554375 -0.08782895878428515
0.09080348114932754 -0.08433099138553084
0.06917455066298135 0.06846385640210528
-0.01135186257058651 0.0005091779897065184
0.12904966757923375 0.06814164248442117
-0.008892845355761127 0.056334311059968355
0.03325606511981665 0.013918967508343524
0.09084227487832686 0.007819934576121111
-0.05776606409589351 -0.06836505297445589
-0.05834095888569295 -0.04434578642683787
0.1391391664891995 0.049297960142061226
-0.029475552005618792 -0.07270823867886199
0.08529914300574563 0.16287614962423982
-0.008571654240960097 0.04902616216245222
-0.04607249892493986 -0.06395623136638345
0.06613301080362 0.06611427351066207
0.030083418538166325 0.09017599890016045
-0.1331581677954902 -0.06429069966667998
0.09036134202153877 0.004512818409221251
0.0943276982284162 -0.0006852307959046512
0.032309420661690125 -0.06070713092300879
0.008335056010727876 0.017826008217293528
0.05291767552017373 -0.12505363926038787
0.09889399753379244 0.010986429742076262
0.13894185540295467 -0.13582288233016107
-0.0529208860826982 0.1579093759987974
-0.03590968921744341 0.04310020976858551
0.007336696113813111 -0.11144505617598742
-0.1552823586724869 -0.03004495038374041
-0.04974939187893511 -0.055664202999085304
-0.050844982971374436 -0.06492682326802446
-0.025594663769405876 -0.009954031888222668
0.12536306534840258 -0.008792408871294264
-0.005885034387067301 -0.06236890854443379
-0.08521086111266366 -0.0002650030488257185
-0.08988211700029095 0.10312413790514799
-0.015758535957737928 0.03620219067436653
-0.012943731585616906 -0.022844683529079594
0.05766853120010962 0.10074818598450656
-0.007668800984608558 -0.057193013104314294
0.012637531397505036 0.07800504054877312
0.07501152673368616 -0.03468352863824586
-0.0021701187622397804 0.07543680366346626
0.12600018767557444 -0.0850894141127325
-0.08005944266868305 0.017542401938228
0.012195117091184773 0.019434039021856142
-0.008313629865354588 0.003155849749358788
-0.0320497065165004 0.1391521247779042
0.10613769548387239 -0.011453846215875283
-0.07605465928870339 0.029896837388781003
-0.08267681472454093 -0.11443552123268202
-0.02623399267335395 0.002066319435378643
-0.09449377164700684 -0.11141711023867623
0.02157285882244225 -0.026833236705086038
0.019838091261275424 0.10402000133776804
0.013462981500719435 0.06458374714762175
-0.13152924299099428 0.003318834286157673
-0.06529571000362804 0.04118844501395167
0.06912522641142055 0.010138626105084897
0.04040973718956776 -0.006211190390607446
0.06039274537969181 -0.0683674153694485
-0.09010338660541906 0.0026352502766566082
-0.12603611896752434 -0.05911595883534871
-0.08401648668186001 -0.10666540432649266
0.12204575109735992 -0.09667296197963414
0.010472638588538724 0.06542663349034661
-0.04503040355812525 -0.005203396414101386
0.054532853159458855 0.04568796869566396
0.08378262390445126 -0.03168562035434052
-0.23449128381721338 -0.09315545692239494
-0.06866500478669242 -0.08831382823403915
0.06913644336348489 0.054622695338170046
0.021821128034152853 0.06152315016711443
0.012510861872242679 -0.04873595692815402
0.08624854036590973 0.006630332626720635
0.08128505961159939 -0.10744106433081455
0.06855780273657978 0.03819284768239415
-0.0810795429627049 -0.028005513202066148
0.11657702919908938 0.05412841952314116
0.05009056776382479 0.0961144789580006
0.10088203280884474 -0.011303798599126872
-0.07810417493012958 -0.12639556867588156
-0.15645551527118048 -0.0032666031929496084
0.010238939398222941 0.02688348118353105
-0.0818436086879231 -0.019740847764652337
-0.015916292312684627 0.10424247046210755
0.06012975447008453 0.013939781434078698
-0.10751006795006568 -0.03178032755199436
-0.000599716218654241 -0.03674036764655528
-0.003817671206938221 -0.06373333851491242
0.02410723550346358 -0.024831570763122375
0.0021880626099859525 0.08174694262953913
0.0853931636477047 -0.009815671968667897
-0.12303540158996144 -0.0974779583135181
0.020093465347767334 0.12389256866130886
0.012251384671799353 0.06977417760101426
-0.0013170421407738965 0.004165851406593314
0.03469850112857981 0.03966801237086729
-0.006727015059769831 -0.010473958341441365
-0.007081377183141608 0.015144253547313724
0.10835675941400552 0.13556809521245713
0.06715924663354503 0.000317514322175394
-0.10606038953108982 -0.018016132205422603
-0.027517052405779792 -0.08038515852597831
0.038987770906837964 0.018697445740380826
-0.028135908723788915 -0.04003348274034583
-0.07832694222357336 -0.07122200229494967
0.027243969805888977 0.017030450278091858
-0.005957790885192888 0.0992096411448573
0.07036629035749907 -0.057520197769403134
0.0030506102171561425 0.055531609006127976
0.07241580390039874 -0.022346293981034
-0.07496871851654911 0.011906301155342712
0.04460700877064038 -0.04534542141320467
0.06306344545445904 -0.11028090565317074
0.11041878376091624 -0.05986465161434443
0.018632054461505097 -0.03927903488363227
0.05220242791276275 -0.15013545538943643
0.009195889258471805 0.01334091168814712
0.071910753856297 0.0038195143825611286
-0.14021446148490094 0.0010699444346726331
0.11098563989131174 -0.006151591054709594
-0.0032659788399795673 0.012636602941346223
-0.03183104546733385 -0.06348005613215407
-0.012018315549730638 0.054762561701846985
0.005551936055429667 -0.13103787921574891
-0.11529146972600796 0.050266354911718325
0.018814814578739715 -0.12295249430270545
0.009379310993729678 0.047708819772967474
0.049590050914635114 -0.0977349659702108
-0.08457418038106858 0.02122340632800644
-0.07525986763844233 0.011426263646457376
0.0747666796869165 0.06009791426273172
0.1081395697285499 -0.02610229996264829
-0.040361229964020334 0.10051331139231257
0.03733736694863466 -0.002379019991140652
0.05289649664729151 -0.052912074242239183
0.07412188117553252 0.02638332897849801
0.04517567425064119 -0.09567847529961147
-0.1035491185978573 0.07982410213447043
0.07779532748022934 -0.02964905757229444
-0.06020488700525331 0.05541671514851159
0.01712310604085639 -0.01658596542264576
-0.09186938990839633 0.008224273853671693
-0.04071389853677185 0.042583422852374375
-0.058838061752571384 0.24452824618350447
-0.015134105684580164 -0.05478563494092418
0.030695262496963013 -0.08070019227597294
-0.04856442008338227 0.001986236142042528
0.009175826173304948 -0.04442560981753019
-0.07063284176806967 0.005232987414185649
-0.09123623572397048 0.06629381183531911
-0.14059899262067568 0.010987781582234504
0.09145945346181919 0.07833790108423545
0.14339713937117893 -0.014254814764530393
0.07569826941800142 -0.04535662770411662
-0.06299834091469747 -0.0038925355806262926
0.147797447961836 -0.03593922896158145
0.09336486992419962 0.060030939361236435
-0.11291603657930632 -0.02784609123661598
0.09685424402005553 -0.07758461035248458
0.0036118130628525714 0.11290042503208769
0.032776884305334236 -0.06575913576234792
0.007678938024938836 0.03230074766611951
-0.08927302527450647 0.11784757512038405
-0.0007564983738449492 0.02797953005050366
-0.04807572812943251 0.15678805789363467
0.023126560430089677 0.08707720920881741
-0.042051059385166 -0.03753305591156028
0.03094491950767495 -0.03400871568445223
-0.03344577324679792 0.02792085632164845
0.078052114507629 0.028411150987716696
0.008854473238288318 -0.09344567171177294
0.10364372723795251 -0.05938537085304906
-0.06646246316440341 -0.13919042788503636
0.09986978047074549 -0.12686203829349998
0.1516028322094864 -0.14097921584515782
0.05507518642791679 0.016730174520799192
-0.05772506442336392 0.007073430400489717
-0.0890107442098084 0.06463821795003823
-0.06416478180879616 0.06288752794285368
-0.06753343676052495 -0.03451790952014928
0.018097035246928978 -0.03180530834818047
0.016623092976384896 0.09096638407428437
-0.0447236057108183 -0.013340401367989117
-0.17554854851179133 0.10420704235983833
-0.024558679066911757 -0.010226305775626991
-0.0931380252377656 0.07923067436985028
0.04578761023830364 -0.06677459522839997
-0.22385034898799394 -0.009871569355310715
0.137413349582546 0.09444184754887208
-0.11878901842843201 -0.05149094574808907
0.06797104508554154 -0.11342727030462307
0.12303664029377147 0.08759829395454068
0.07394970424045151 -0.0046635854625133345
0.10949163809373869 0.0349438623705719
-0.06864263314088674 0.010228853891871519
0.019368410578934316 -0.03687862321308043
0.05513634305286013 0.01984213316761285
0.028419677577375967 0.06691914818962204
0.0013570535638954217 0.10726661584643676
0.025306109177927458 0.021428967709826944
0.0710273780408194 -0.04974170991879167
0.07967646017545524 0.10493760892946315
-0.03393948189622261 -0.02082473958115973
-0.06254852798024536 0.11606772977014715
0.15413789151885005 -0.002755711125529104
0.017350279861131378 0.013411172750213753
0.048422388301443395 0.03799318877156911
0.01376485697717745 -0.14065693669879886
-0.023177193491819275 0.0011998189910976114
-0.18087552963353037 -0.09364566085281949
-0.0182849605306027 -0.04875219109945084
-0.0046327919311449535 0.09203925353573582
0.09345280507369569 -0.05285821474755966
0.09455069477444451 -0.03123808174065435
0.032392564743460334 -0.07550770502917832
-0.09289073698930882 0.05302321826592174
-0.03556271249919426 -0.040141242442549574
0.09882572980083512 0.017715534505873452
0.05629384532159775 0.00843133939872893
-0.054503909796036344 -0.011590436865483665
-0.09538106452003817 0.04398073148440685
0.03385467212794063 0.033556615820607656
0.02410129457611374 -0.04323011492727426
0.012327073881207806 -0.02675476068268435
0.07199307291126665 -0.025624139730626317
0.0660111833334364 0.13098618122236733
-0.018009230813778036 0.02647247910129792
0.00537235236221045 -0.03671179331199606
-0.055852174892979556 -0.09079863994981799
0.0765727562441051 -0.0764665032821719
-0.01466303457691912 0.09196039599956404
-0.08212200910182432 0.07531747068517583
0.09549078696204939 -0.01632015231107807
-0.0019777001302184135 0.004809930032215958
0.08298848940241124 -0.07355387719758846
0.044116029690275664 0.07617728500508204
0.0008455470255820158 0.0366660617538535
-0.005303301696025458 0.08713328499700725
0.01989226129763972 0.03693083042626777
0.01975156056893953 0.04666469439632529
-0.007782403025909586 -0.06889493293730237
0.10096765495322148 0.1768783212951767
0.01931658654139234 0.00026854946384767005
-0.054781738002535815 0.07040635394722838
0.06072771768249488 0.01719828597905236
0.004633005665553406 -0.00039780696318523925
0.027131509827462125 -0.0276020794647821
0.0006958221421958896 0.006908311209507562
0.04591673836583849 -0.13209672777847722
0.09318006222919636 0.008458324427673936
-0.03777268056485362 -0.006386735311832594
-0.0975648860253031 -0.029046754532934253
-0.07852619897481924 0.002118807440580239
0.028072805302026355 0.07558543379115853
0.030050533224615438 -0.028971627527005234
-0.06703919565603661 -0.008115506656596284
-0.08032132990721154 0.004146074364725033
-0.16738087500387386 0.033501949226187176
-0.15539409870575813 0.001651717282128035
0.08578333940153009 -0.033064754599987145
0.06619594896191136 0.009561743796710234
0.10186507608338247 0.04325563648592721
-0.02173594922342803 0.046053157492820726
0.03882257386363119 0.013741817165629654
0.006902977541811453 0.14174860300212383
-0.019229655579297716 0.013460872423060814
0.02749947589988098 0.02648862621563163
-0.04508246109599022 -0.04940416552596105
-0.0410176471528983 0.14199624349625328
-0.0009185601043125882 0.07214315337759085
-0.04599528722707589 0.007377352729619112
0.003330662645015625 0.07032279561328461
-0.08449789012214724 -0.028766435776903406
0.08974101588222429 0.10162113277912747
-0.010642777749093623 0.10912520031310305
0.010046339452375291 0.01992599192348885
0.04908759289326269 0.073810204466803
-0.07536469487242603 0.12107890667254974
-0.02818471439600889 0.014819034528014521
-0.11651893502964696 0.008203112355523522
-0.01623109327633566 0.04016103231377463
0.04879349799644657 -0.06277567000957433
-0.006667076304182956 -0.07014781863882251
-0.03775056307885126 -0.13707555662226373
0.05764178303062502 0.04465142516543997
-0.07096840946840596 -0.003574315038765295
-0.028470711077271817 -0.07881636034718977
-0.01773565361256374 -0.10034629841576366
-0.022416671176774594 0.08615659937632152
0.07650783550155449 -0.07464247389803984
-0.03953756036184937 0.0389930332189672
0.08125498352580941 -0.051549655524971476
0.06199752164373598 0.15688215741827122
-0.0727348062522954 0.016545845411476853
-0.04708361393826721 -0.050931428680296924
0.040073089852669254 -0.045783589937636864
0.11872681366165647 -0.00784428889870842
-0.09163690277063857 -0.020711625561926687
0.04545339002961039 -0.03666472719682029
0.049020393549197204 -1.8015083214983684e-05
-0.05394265028219872 0.03343990530964545
0.0781451320478818 0.025879102916052273
0.14139420657129192 -0.017423549146392762
-0.12428375547556857 -0.01891804458877217
-0.06374319882710032 0.054192924011931404
-0.11218860575257512 -0.0955815826519601
0.06754751242483081 -0.10805019632994245
0.08321237976983772 0.07040494432828495
0.005933746780251799 0.005000146244653708
0.06365420666244788 -0.006342167229816618
0.11701502236326879 0.03420365919613123
0.01187601123951656 0.08419825549551463
0.013838315896778258 0.01893296710564098
-0.012268958490682753 0.004940073607537701
-0.05482645894555757 -0.09442693907715737
0.036879697002957755 0.048676404169297756
0.023812427569194935 -0.06896236023364712
0.07506357175324338 0.035134126911584164
0.05999794984271895 0.037072958297599615
0.0952218352694011 0.010282690066517773
-0.044550281575899 -0.009366651221766931
-0.051011066205542376 0.02897699995233852
0.08640846727550976 -0.1217385975273013
0.07966954237805149 0.007236918764580074
-0.050241672305921095 -0.07134551933593415
-0.01911853519703967 0.16604760838948449
0.05547041860122132 0.07412490815869259
-0.014787659405937474 0.06833098975698802
0.09717390696971022 -0.14797768368164851
0.07148397651283567 -0.1542202127947235
0.013739388949898332 -0.13052121550582685
0.006255394223350746 -0.0061907614865861545
-0.08314331823780789 -0.028759613244014257
-0.06158638647676119 0.05989115752451538
-0.07846804831986688 -0.015226903135345818
0.00885505500526228 0.030392620640412045
0.021106727085092123 -0.09132608073613664
0.019741719574765757 0.06078231044043193
0.12139463905805106 0.00855746564775299
0.053658976360086506 0.024192083766345664
-0.05731183882067647 -0.03139372686099556
0.09520624909090482 0.11711982878943152
-0.01953154204499667 -0.056407826410328016
-0.004626894116061622 -0.08646418004743832
0.07516667070221683 0.0786037320213218
0.046893520282639226 -0.042232748125245065
0.14257927051402589 0.0502304558561012
-0.03675519017124829 -0.03485232883588658
0.020899995772087468 -0.022989709708818563
-0.0463510758958567 -0.0383011609593256
-0.06696202182421412 0.07359143770843107
0.02689268721094557 -0.10315114045461887
-0.12626640532081532 0.029208837594554313
-0.056262010291161756 0.009260591265827796
0.05966915238570258 0.050284419153679295
-0.0071359425619655715 -0.02417186961839939
-0.0031333219195333905 0.12082025991270522
0.00775264094745965 0.08556229511340718
0.09841468206811495 -0.04036554300880188
0.10950657274539889 -0.05766297860620616
0.012663996357621988 -0.06751060493265364
0.06505489118210747 0.04593051227952382
0.07637569373175222 -0.05293594413969929
0.007677310402341462 -0.07089173597025927
0.042473184591449546 0.03810083673629774
-0.054651791196002476 0.026615973144424154
0.013366006936591152 0.15174320218116688
0.014076215441449737 -0.02213360656138431
0.005263170925020107 0.02759637032182286
-0.011579939686988767 -0.07537726965396013
-0.07689532626577833 0.04288898962365474
0.023770058106729736 0.003994003202865634
-0.01542531200578497 0.08051119148174672
-0.09326999321413214 -0.09881104454651184
-0.023750003433840285 0.01271842291447392
-0.04630337980518549 -0.10884524008684783
0.030000350620021883 0.04869255732997352
0.01560806129660495 -0.07732436403125294
0.1057587735601412 -0.11137046986662313
1.5330513766682383e-05 -0.035630952576640826
0.047766953124991636 -0.07176388767382579
-0.020764060301317534 0.04285478424895633
-0.08330935881017533 0.0378126944004
0.02236441351072452 -0.1082680943268669
-0.06032182291021151 -0.03954436844896934
0.008451396924247394 0.05776582209062358
0.1324153146902057 0.011394270109726216
0.152578437495522 0.07975950849518
-0.13294153455874153 0.12279879217004433
-0.04115422568427353 -0.0017352224963056578
0.06547310667104393 -0.016401800300820214
-0.07434780951805814 -0.014812476380689218
-0.015574307393433557 0.07838601653268465
0.0047377796046536545 0.07152733080368476
-0.02344691326218293 -0.0101404169816379
0.007685768159174064 0.10233178336251247
0.0113585244887367 -0.03254713540311061
0.06183540770331726 -0.04980464118775735
0.14978707169214223 -0.07789314741078823
-0.04613938237924054 0.008848233666233376
0.03435665695755004 -0.06103651465901599
0.04558599499837158 0.1632557101089311
-0.03305788971756171 0.050021754262426714
0.002871800973379797 -0.00539408941117273
0.08874788211708441 0.09451435987146742
0.01475656845576918 0.045406919241853964
-0.06347732454328497 0.19220660434435433
-0.015130334791336462 -0.12216189492979575
-0.014963328593069022 0.10059323385138387
0.032117590297935594 0.03663835919058952
0.07770797875783347 -0.05240159146972835
0.007018345820648297 0.020451603149365907
0.09247073744217052 0.04109418422578251
-0.018432844557859224 -0.08239237315865586
-0.03727189852771198 -0.08253740402499594
0.02408054704199102 0.11856134151981783
-0.029483406634480725 0.02533536964683875
0.09875927587083584 0.04298142309011466
0.05020521828060036 0.06964774487710895
0.005294089846757059 0.0047440594566101925
0.03905711099807803 0.006034066869254573
-0.023078437574748357 -0.025082925177223724
-0.014000332805825595 0.08415748946919477
0.037485354609199585 -0.059925391258946595
0.04593845267534312 -0.055212821923188105
0.04410060858972622 -0.006714265402531455
0.09787313301647503 -0.08599914481100468
0.06195550639223245 -0.0999837505437878
-0.04992592312412031 -0.06695410156332335
-0.09639507020700888 -0.05315340581614309
0.02093240674573603 -0.09197459379583543
-0.0014285182777561242 -0.1106342561090777
0.03880357858898578 0.05927261931773068
0.014430048112506056 -0.12498147264574498
0.10927593387085595 0.08299185568309876
0.054184864477646304 0.08875943053090496
-0.1383735802353109 0.02104876237360192
-0.05610382618123705 0.013374860336475423
0.004830514889531178 -0.001403757277517417
-0.032999770560140175 0.030023129924189387
0.029613677158015824 0.0542355269990529
-0.05929914121423903 0.030611927030361488
0.09878429336900453 -0.09111290631258614
-0.00862787689398346 -0.020028951544291587
0.05748125987659464 -0.06657176190096074
0.10796981635848912 -0.08024531144859379
0.0494082063372663 0.011406846189719735
0.00972934960018308 0.013934307528616477
-0.05734026473383643 0.02195793700232387
-0.08363349006911187 0.03506213891963527
-0.08380753703665811 0.06530443038617695
-0.05881846409828311 0.01497858066093095
0.1435370361262767 -0.08385846113952225
-0.03399030248393626 -0.131286540354056
-0.05296141012564339 -0.031021236089822095
0.07444357194128975 -0.0421482295704832
0.04145037336889065 -0.054063537220242895
-0.048578769565052575 0.08135851195394701
-0.012851064861831909 -0.16156132408665025
-0.04844522260878959 0.03499064854509133
0.09320965836286936 0.02369196827267922
-0.010777977206119206 0.006452885101919133
-0.07669255709187932 0.06560199587379356
0.03247342147169036 -0.05026126253393196
0.01349874616349413 0.003158992834532247
-0.06157488164657281 0.023415221927652687
0.014501637617898975 0.03051345519127962
0.047040666067103186 0.04598943855402323
-0.0263952046681649 -0.007226275480924913
0.03536973289888854 -0.057295427997975226
0.05149455176308219 -0.14015683473148194
0.06340602874916927 -0.03745946527803831
0.031114055714619285 -0.07544102507746053
-0.0012018310858879916 -0.08920688240936474
-0.18477312427203152 -0.11693270081156876
0.07272955756531788 -0.0044505695303804944
0.036873118289882684 0.025454763452963203
-0.13081783702385036 0.036309520606088705
-0.12243433664474773 0.19961914153792848
-0.022140469073234394 -0.10146230870134212
-0.08768970320046963 -0.1753520996195159
0.02324048615120808 0.08011975490354228
-0.0028857825143740762 -0.03833221554521071
0.024975956437638912 0.055834285724111005
-0.03941321055766713 0.04847460998726601
0.048926081209589294 0.0697031969277871
0.009004558464106721 0.023683345046857936
-0.06445538149036593 0.07405985341080992
-0.018843843678232535 -0.04901551756102774
0.019304430393142197 0.0067887235857704824
0.007203020821826091 0.07587590104167606
0.05856023306408288 -0.07131941198626085
-0.04464385682774376 0.13522727359484404
-0.052483987113049205 0.028727206336084214
