-0.08894052066084646 0.022431917328002145
-0.05208329574484835 -0.05317719789360636
-0.012233730886443875 -0.0686216254940502
0.02475312060173228 -0.028580499788431604
-0.044452229267761004 -0.04191743693608109
-0.00782616098092176 -0.08729322810693199
-0.033461974948135076 -0.0030028151560858828
-0.060430119838795635 0.08457099372189544
-0.04510928214273945 -0.015108882174273154
-0.004815776527545849 -0.08928162349212308
-0.04080309799611598 -0.11791195308990378
-0.09370602451531103 0.1486587580929859
-0.05864516700704988 0.03105473079248672
0.199616581923051 -0.007550497325197843
-0.047430502500236484 -0.03341202745729469
-0.015776633167069492 0.07615623069970989
0.038262637035550544 0.034797817263537915
-0.002678058361888356 -0.10289606307948569
-0.033227381369403175 -0.04708450023991545
0.13621363435600337 -0.07205711824857934
-0.08014403964997605 -0.03460910076148735
0.0091721550712786 0.012505070874811102
-0.06306339829461134 0.10206031078921007
-0.10345796932195392 0.027309440812801542
-0.04320499224943371 -0.05984684861432776
-0.019725109236441964 0.08488988682740173
0.024704288575586517 -0.0027948250761536193
0.05960337944550469 -0.00440366798887455
-0.019325854471754594 0.013371388852730984
-0.08980098094132113 -0.003237255320769279
0.06044442789266389 -0.04608392379031214
0.07604814775349383 -0.12341163936946621
0.07931724270214828 -0.011850703016069447
-0.020513181834885964 -0.07029119019231612
0.021252464377314498 0.034137467348556536
-0.09635284673497305 -0.051610151111348354
-0.08448298672082157 0.04659938455559904
-0.019465454457903156 0.029489376878414787
-0.06590676327070888 0.034084270898975706
0.06657284236952844 -0.08624770775514823
0.03632398784946018 0.06991885134749974
0.09976429249623195 -0.011841817645047008
-0.11125266822202354 -0.09722726362910906
-0.024501857355140308 0.010909764697583578
-0.11546670261722149 -0.02334709787793577
-0.05686167606676486 0.1925879018188543
-0.08829420043594656 -0.07494976399955797
-0.17328696969783092 -0.00022795521747772464
-0.004338636330412104 -0.11229052820203583
0.07164556965200648 0.13014590322003125
-0.023070234727992037 0.02288608305826907
-0.003585157333828271 0.04868476334784828
0.06512785782810059 -0.0231416538849181
0.07033904161586185 -0.007717466749558681
0.019276924284685387 0.04768312521330047
-0.11779572447225836 -0.004274561881293899
-0.05130374443792192 -0.020851414216037277
0.14098034056311134 0.15830053451022252
-0.06250860081803795 -0.026424062360251063
-0.0046559377831851744 -0.019007262694792058
0.0447317399062504 0.037297552268991695
-0.04123103868046942 -0.0004509727598983519
0.0909130612887988 -0.028985691858314778
0.1523089395083055 0.00892697343413063
0.14389438008281782 0.10105271875605869
-0.13584197571647025 0.06821831280087438
-0.0918736453181389 -0.021432233276655038
-0.07548456637539383 0.009810518220697619
0.08656809012537342 0.004629299947293937
-0.08411924799641723 -0.002412368087061409
-0.049210401829420054 0.00477631064483733
0.026264852346243518 0.04370761923597782
-0.12179248785185141 0.01529218804127348
0.16544614688972156 -0.021099835360970955
0.07382011867944864 -0.05895473493225002
-0.06796786421051863 -0.02343742781648701
0.01961962582110918 0.04602734352418812
-0.07630058147994116 0.003543926437114022
0.018786253645161885 -0.050699783592387845
0.06834049821620287 -0.04989162090596864
-0.14430569520875364 -0.08830767689974545
-0.03536197296816316 -0.10621843698423589
0.015181266282689763 0.007016684519827411
0.03800081949322924 0.11429190859039558
-0.10601425115467787 0.07651850788273556
0.04955555671737604 -0.028790510125479347
-0.05295818933728416 -0.058227694251703654
0.028581126766633266 0.04638252962278806
-0.13868161369982104 -0.03773920581295451
-0.010514719489439788 0.04176835630342023
0.042434655570014954 0.04362144369239598
0.06180484884459628 0.1274978882917477
0.13914254869012813 0.11122390582012509
-0.04991301839275553 0.12487922783254374
-0.020649615077962542 -0.06981203197425861
-0.10728617265535946 0.06849258773343635
0.06810197575322653 0.012992109438601214
-0.03424042513319154 0.21818102888697102
0.06374116476956469 0.022285593879755143
-0.12318171352427415 -0.04665585693535865
-0.06855720529484816 -0.015617072705453703
0.011623034178537158 0.1989330396332548
-0.052020512020385 0.039940269858363193
0.02546875683724572 0.06404486855145035
-0.06130391048080812 -0.04229053068545651
0.03125431557459079 0.03111759718100221
-0.0655534702290574 -0.0007223519401636745
0.006940357123522168 0.03046979363381972
0.050235847010024495 0.10604205271600595
-0.07081780829494567 -0.0030390240123997865
-0.07643307892073413 0.010804704153475094
0.027065751780918492 -0.08318430616498196
-0.09036519609500117 -0.05659958129974606
0.10732274019209989 0.0383201774060694
-0.04462326760079015 0.04388185408558764
0.09684323935121415 -0.0017097671374298818
0.011925799055187328 0.13543481813366443
-0.052433702509663796 0.14891370794234574
0.09259616248095337 -0.08674287131072946
0.020579593201461334 -0.06970028659867088
0.08480449326085278 -0.08090028653798492
-0.003134540879943386 -0.021471543568735894
-0.05901416476536854 0.09646022313028621
0.024507878706108162 0.10058460345329617
-0.09229559135889817 0.08890426639468305
0.028079869604816003 0.060197978855802706
-0.03334912984276306 0.08928026287542228
-0.03220786243702732 -0.04298463537468589
-0.2001032222470681 -0.02603702924402604
0.03096336955461814 -0.09914676305804493
0.10043033402373171 -0.027470139090443442
0.006831352913311342 0.08816797629800692
0.07485919721703703 0.13236731065371862
-0.08898591097129041 0.08784390815918187
-0.11790385474463914 0.08137890983994027
0.0856787326519177 0.022670183497258394
0.07873841583984117 0.07700742819881724
-0.022721849250512866 -0.015945439460800022
0.12133824568048895 0.057264913825312506
-0.007889245372868342 0.08665539421231605
0.05067923644148438 0.05748638190608424
0.049993108561926354 -0.07998122880350957
0.02066856764862812 -0.07206702080127157
0.024764793747237657 0.05987914463162054
-0.030206432794646357 -0.028615263263244473
0.058497738424819805 0.04813030276022773
0.08300424353181822 0.04294955860740987
0.03391039722360551 0.00830553799627023
0.1441148846740332 0.006826723831778642
-0.0995425084655121 0.01818574149125652
0.05361735885335937 -0.003296154958492789
-0.10744622729307779 0.03278268637237097
0.11657268095663655 -0.1620606595200393
-0.03582724711533539 0.040663197191107614
0.14899794687395693 0.05853030578367308
0.07544665782930757 0.19307709018895547
0.06396073036574039 0.05493960412962077
0.06381029482632629 -0.09267141859941345
0.03808453938662117 0.07909564122485149
-0.013581236194190991 0.1238286069982771
0.05593071059256061 0.11693268813116613
-0.024698057852306884 0.01885507612659111
-0.07821674157303336 -0.054443547922496616
0.051833143684076044 -0.0628060389709107
-0.02491477469670438 -0.013525147315808303
-0.05366317166141203 0.11696673905581514
0.09253760533955256 -0.028358639043269157
-0.007119267761606604 0.053167323245766826
0.1484812469394478 -0.14229254052960508
0.07249077755619637 -0.07038722498172852
-0.019705933818450157 -0.008998378909263013
-0.0045633336398322975 0.005225151858880779
-0.08732358833398352 0.09821503239727808
0.032956956555635075 0.03603147567808199
-0.009148015578308534 0.0029122617895430782
0.06064680556728457 0.03454016129560062
0.014362260828620563 0.044470149991836475
-0.07256783197695915 0.02741281329875218
0.052529820661314466 -0.07462256033028997
0.014440163558885633 0.12602655004872507
0.08322024598024937 -0.04174301121074037
0.05976244707540418 0.018235878223859796
0.01664790578027518 -0.048306468079189216
0.08887034499984475 -0.00785744411682044
0.1358302852256272 -0.10586100895195116
-0.011266113887064541 -0.06072030136506591
0.01361534712583002 0.0641242033011226
0.05840374383934971 -0.021312531876089374
-0.20887103112239172 0.023938886374918002
-0.15474458342139152 0.0018335657987488018
0.031733721883380604 -0.04733202424705589
0.07102318992606027 -0.010515928488256752
-0.00358424460143917 -0.0687393902549151
-0.021242399671172058 -0.00914225206650959
0.03699946866993559 0.05955023177814184
0.008445413928572261 0.049631201125894586
-0.050284057797504576 0.04519367873285972
0.004996958984687182 0.05606080899923378
-0.05389764553073804 -0.02846454061699407
-0.03842314382265122 0.055575631392686
-0.13320213701736724 -0.0929614192403979
-0.051768097535633294 0.08648968492506082
-0.008415895214550464 -0.06732821353792831
0.01230916560184074 0.011903222033565052
0.004579956263421549 -0.09278920569601894
-0.07376870072115926 0.0703369062266546
-0.04236346608692261 0.012998675939140617
-0.12044567236974542 -0.005714199309052381
-0.09333182636734501 0.0060231275174254
0.03731240408224649 0.0708354337782205
0.040086304778667786 -0.010570493058541615
-0.021969562015944986 -0.057815878215916064
0.03999109193446971 0.010650250803738466
-0.0015113498834898337 -0.09068811823707916
0.1022617405368803 -0.03738682504955548
-0.007526933064672864 0.1096007821178606
-0.035183010252615284 0.035190741583598355
-0.041436473419372434 -0.024231105103793282
-0.07847571562245069 -0.0697667211334776
0.03826234694412208 0.06539037065883721
0.035057030547151556 -0.056002794682717606
0.03874841594423569 -0.03964828855548843
0.08592852890144685 0.024795714987462483
0.17970336231424366 0.05807734963442514
0.03417440122511854 -0.05939822812043472
0.10264308331182652 0.053449477503349815
-0.07872503201927411 -0.0831174968891047
-0.06301572102821561 -0.02902536955168625
0.039030380086293254 0.14733241429191102
-0.009406042208376344 -0.14507302272866393
-0.06755121382508777 -0.09544306049826717
0.039111880854726715 -0.05061781012137309
-0.05423187950598533 0.01478920830931556
-0.0974195613862091 -0.04407463955041121
0.004554971028661154 0.0455360724677875
0.002355006799417833 -0.07036648697643867
0.002487543307779151 -0.01145548728769207
-0.18962412036612222 -0.008764637506128067
0.009625823320806666 -0.10292973644562221
-0.1305449214987271 -0.01109368368821965
0.004747592759585925 0.02526053986350383
0.01326852658947188 -0.13608239769418903
0.07928321847077296 -0.1284169557007079
-0.051667592625288555 0.09989614173418604
0.029750698547558636 0.045809982979297344
-0.01957368570682134 0.1582311894635211
0.03258171771842601 0.019250430594761194
0.07325649371689713 0.09194749966998716
0.060404560958821386 -0.0028660751837420975
-0.03102159096041776 -0.024546963831399878
0.029438825820065354 0.041871929249317485
0.019703974235039428 0.08196523300062547
-0.013943679152429531 0.040406689279931005
-0.13022099342933133 0.07837999184387281
-0.09110981963427056 0.055425293435970385
0.17175820348896062 -0.045678222236206295
0.051125565999589125 -0.022474245504547116
0.05742305006065379 0.035911297908620736
0.002575963935249697 -0.0057535155030431885
0.010099650296406276 -0.09426996656246588
0.058725396765824785 0.02844087281206878
-0.03258356900028612 0.0021662661573148756
-0.01561302010858646 -0.03572382484319781
0.05686167479488598 -0.06059199945140431
0.0018349668428995019 0.08361476657620537
0.021691547607860812 -0.05860109959922931
0.050390818784260355 0.20568873916006017
-0.08508259326976138 0.06326990563541016
0.01840903837624367 0.06162550505344542
0.07219478460980416 -0.012665231227854097
0.0395987273322528 0.03617822189411626
-0.04434624901253613 -0.04943547011530191
0.026982497849820805 -0.03192515988664026
-0.05439651173608865 -0.021274871595625737
0.03505239103639877 -0.12067415022782343
0.03337182229489066 -0.021438019060210825
-0.01473813303808414 -0.09740446072502303
0.08141049001113697 -0.06653631009598511
-0.15889738426546324 0.03630398501690276
0.059389284097919944 -0.033616535008820864
-0.11344304253631912 -0.09401458841355159
0.0388957109124983 0.08931585265426766
-0.022512873615924904 -0.0021301220087088855
-0.11555155792309504 0.1151804814787303
0.013319150335718984 0.06015452147353903
-0.03294055195444726 -0.040880775031100595
-0.1201957570380381 0.09606029588903871
-0.02603896536984871 -0.05004405568716887
0.00697892833434292 -0.01513430855815899
0.12019363523987393 -0.0786791276616282
0.07516580239117328 -0.11208715049373602
-0.044432439790860034 -0.06203614515072556
-0.07286393253391799 0.055760451423590776
-0.028639671223570033 -0.04406388715679918
0.02573360925277365 0.012816574170257089
-0.08503571974902062 0.08199666248742021
0.058899364578188174 0.017706161161715358
0.09584186081359847 -0.03602021060723744
0.06244860926552973 0.039258414334470325
-0.025368664495586023 0.013499828653589684
-0.027001855840728714 -0.11997080098494897
0.013703122877974094 -0.0490405681736564
-0.037101229072118894 0.09163033322171932
-0.027766546746915446 0.038014465869487535
0.0590112986570524 0.008150249465301221
0.01204909063813021 -0.056055582196569115
-0.0021257269741965217 -0.03557709289599061
-0.1363732471121506 0.010061175170908786
-0.0064679572407450895 -0.09736224477234962
-0.1693844301383057 0.02092468611074849
0.03308048488064816 -0.03175924223425532
0.0023499594393322654 0.0035767060846741295
0.004816222660805422 0.04269609759317289
-0.054205861023120284 -0.08500823648865458
0.017533261730004683 0.06327165855261326
-0.022163833184098418 -0.05452199256805263
0.11068593515943861 0.009519009279457234
0.039577478698515176 0.08494979211213481
0.08711449045731098 0.08632086190541433
0.016649249970170102 0.08674133505172696
-0.06728402050715716 -0.08601381504425755
0.05355506503873759 -0.0297815778073054
0.021316966930350765 -0.018850845782578344
0.1356606883054017 0.030633449239945033
-0.032687257247945856 -0.002063888921182852
-0.013344452370753991 0.08801198364874294
0.07219302656817615 0.0432877502272138
-0.07794754459912849 -0.01998233264945483
-0.1152078772686802 0.0260783344195522
-0.021108172949956913 -0.06761716623120428
0.0142551150499455 -0.19268593822983515
0.07808693162859125 0.04133144358093157
-0.03308618654355441 -0.03656126455389527
0.03136803698458756 -0.05542091424403093
0.11693530234616462 0.051866291034812675
0.04712974792775781 0.02224326554147262
0.09186360655290575 -0.08953301430561471
-0.032299092730681205 0.14784481785481723
-0.09243343273160848 -0.05350436021089139
0.08278194424704806 0.07150629898073105
0.004676151596901181 0.091963460355871
0.010297895820582065 -0.0708413114634102
0.030336950824688715 0.009638573085412197
-0.03699277545549874 0.046486081707402975
-0.012805125170712006 -0.0031297703158595386
0.003083013479512756 -0.039468982989819545
0.1088360215774191 -0.012336170230971949
-0.004730368387877782 -0.022740979861530845
0.06023059228301125 -0.049265255489835486
-0.05541225300362688 -0.05953675213737522
0.06966374591946814 -0.055027776446871984
-0.05797733970860916 0.16332302633070686
-0.09084452736400135 -0.06487799878103709
0.0689452172507852 0.027197969184779403
-0.0031541590315700015 0.016029413808139117
0.1265733315300282 -0.10965074577238916
-0.09419213079719276 -0.010921430229584526
0.05278486995711683 -0.002836996097845755
0.07548318843608626 0.021426330221270693
-0.07763528868530108 -0.018733338867144195
-0.1113576350509208 -0.13013607956139578
-0.0015587438647984015 0.05299620148164441
-0.08822943920488209 0.0579244977426767
0.046510194270351385 -0.022647313222382268
-0.13758137967426967 0.004586060419659387
-0.02523240119566783 0.005160568689109397
-0.13883740157474428 -0.023744203813037167
0.12923773101267275 -0.002976534294261357
0.1388657814714408 0.02376725313151157
-0.03962243247643509 -0.03320925029014306
0.02677354200915018 -0.016443421959905835
-0.058841354669131665 -0.15146297604624567
0.1035924664655377 -0.030811882030516144
-0.13449334097074664 0.10061044942426811
-0.0627948395048889 -0.07133958909159323
-0.0048830168026649055 0.008190507423621193
-0.05520747529803591 0.0008950059856939933
-0.0683709005425146 -0.12095498656711133
0.024571208291735615 -0.09369755121689388
0.11901287189384005 -0.011638149797329337
-0.013955047517822774 0.017531868794001003
0.007407365106417744 0.020625030160970947
0.02683273551300109 0.012978460083504454
-0.04850494191118031 -0.04609249519220994
-0.037906173726859414 0.019783240247213875
0.038000189358439865 0.04067178811733722
0.024540991671067748 0.05887004025784014
0.015789531492986612 0.1639124848059358
0.0005709278177220115 -0.011240003329616511
-0.05453765232703529 0.1454238935263018
-0.08655484200785377 0.1494361656698222
-0.02035778265139848 -0.041856564549528616
0.07453381762527095 0.0069246399962317375
-0.04480353899132012 0.03494158304192384
0.04706883404508739 0.030838221509719006
0.1385241733599439 -0.09633024765253406
0.020038629101529995 0.126821022715559
-0.0445370134828015 -0.014350800470216607
-0.03365448149535406 -0.030497056138282942
-0.029174698413520637 -0.06390970499183071
0.06944905121128363 0.11487100125890078
-0.06591759556681569 0.08522629456764597
-0.08935698912956705 -0.05577821703559189
-0.08449667468565958 -0.006129186231687282
0.015710761189902972 -0.1126071446642753
0.14725803223230396 0.13242582857679103
0.0272262044829996 -0.03891610680633121
0.06590550447540394 -0.016695094282572435
-0.19967383984399287 0.012242202555956155
-0.08902097949961663 0.03536424379136083
-0.033328974390950894 -0.09952310793911036
-0.05299952904082572 -0.026950823313061503
-0.0813173931488459 -0.06322943815584581
0.015344684323822322 0.01378702547072679
-0.054347904794380134 -0.010564909059676851
-0.14105152856082576 -0.007856309782835911
0.06624447336757311 -0.026452394422111645
0.10262867646051431 0.05314934006611428
0.03829099365060515 -0.12635733297244986
-0.04846895219280911 -0.18004109080116107
-0.13696685903108993 0.06089594187320925
0.1338527009213746 0.06170012774886057
0.012976318271376564 0.04812471591949271
-0.09676325037698903 0.014555033862328159
-0.07053260230587352 0.06314439421132331
-0.11050294514672122 0.14707587893502308
0.08514043066826255 -0.0729214484293663
-0.0320317217802549 -0.011614302989423606
-0.03660033975505273 -0.0394615727980094
-0.07742642020990002 -0.01961807583909704
0.022033509914945033 0.11061353979502984
-0.021645451194452377 -0.010747175456507604
0.025171327852874598 0.033042314173473634
0.15481756239708458 0.044951396389371595
0.016212355362240735 -0.10297633795291668
0.033308719955057846 0.13395062219428164
-0.07701078016647721 0.023164894952797926
-0.038227079786425644 0.07778851792856824
0.030585836250989578 0.04727566316537078
0.032602986593362054 -0.008913973186757655
0.16975575311337607 0.027962370852450347
-0.03370635506660492 -0.16269089958227625
-0.039301942969254246 0.00040892945235589324
-0.007350613810066913 -0.0018451588046701538
0.05016410014454183 -0.037106841889099414
-0.10978594074971287 0.0002666404840424457
-0.03835857785689727 -0.10671980569801137
-0.051471653823609895 -0.040073924761254244
0.1278286048704985 -0.044167164039426006
-0.06089791257063334 0.007833748756455837
0.06524735266811589 -0.029899926454282428
-0.06089182787894295 -0.06981373087166413
0.006526784250258746 -0.13124232058059632
-0.10274247249023473 0.018120688143103646
-0.028285777545047137 -0.03702044049252193
0.1108241366988982 -0.016031599942948227
0.11413302557845639 -0.0308712594839043
-0.02330952180509386 -0.0025202830934984047
0.002079697017398268 0.03768159285015511
-0.19901328003553206 -0.05172326906235487
-0.02463439409731867 0.001399590165781492
0.0680911476118961 0.0003542818410766157
-0.020932191779986085 0.09393571226276001
-0.06307303227965977 0.0861252510867091
0.05947987770153372 -0.0459780361541683
0.08832570523562754 -0.015763850490193222
-0.041712647945800374 -0.024645287349635517
0.09955486615186071 0.06553594495320565
0.03628390991046249 0.051667915103199506
0.02436483526725423 -0.04880306794770423
0.013683275321995335 -0.05483204554364007
-0.0020110579578591433 -0.07669954946833209
-0.11997892500435292 0.10733269721571947
0.04385295054127248 0.021272274782898493
-0.11422001960675164 -0.02994163803247948
-0.006825014493996277 0.03482266413828511
0.12444568294353132 -0.05751020263121956
0.13275946316880602 -0.005990520493003986
-0.0027651581960525216 -0.007122484070057152
0.003992943639493609 -0.0017365036907157068
-0.04236009486903888 -0.0034141206746674995
-0.1333208275873321 0.04127280935972668
0.04749579201747156 0.09020102597651948
-0.0759667860699152 -0.098231054601706
-0.03441604127427432 0.008248627107123076
-0.05312261214300059 0.02646721823831852
-0.06285583217311501 0.051896749199234746
-0.0542948202556542 0.04466610309646695
0.006171983761212223 -0.09376842221934972
-0.008425060663591272 0.008881129824159312
0.011359881229268511 -0.06911184223499109
-0.005080571949418158 -0.02695036020370062
0.008256283395451654 -0.015848321713978875
-0.13526530032208584 -0.042810155456802994
0.09181058360595445 -0.04024119891159487
-0.012911595061125295 -0.004681335394757632
0.05621265020321088 -0.047220205648302496
-0.000884178567833369 0.025695386723595462
0.002833406832188507 -0.0036998169039879785
0.08927981778079884 -0.05994785826255888
-0.05290612823139997 -0.04947127488724694
0.04121309019508558 -0.05932271512873951
-0.0481986791550487 -0.07904165400601235
-0.004116478166330541 0.005524401849851423
-0.10628175382939574 0.09295117854553125
0.057000378213315 0.06046578593614417
-0.07110116093313427 0.10580865473879907
0.07861699032671794 -0.04153818015550975
0.049105054297259976 -0.038727781423354424
0.006039593663635236 -0.09590315253881583
0.08420215226852742 0.01619032662298971
-0.010981482129248488 -0.009169598895451058
-0.04815801193412648 0.05270032804918987
-0.08454155520856083 -0.06970995456794808
-0.051805666100839726 -0.05969854195447553
0.04445386500012001 -0.027015755335068174
-0.009108637727351212 -0.050460909468895886
-0.02146469648142534 0.0030955536374241595
0.02965940112462251 0.02387889081988139
0.027799975342384778 0.08785628137694833
0.06819776877786705 0.003551671262860367
0.08957137462548988 0.0852493037518559
0.029652118037383275 0.09066505702446916
0.017793644029853763 -0.02488025982037052
0.0014694191365578519 -0.14674942684659617
0.0632245622459011 0.006812573170210777
-0.16514843919991054 -0.03474105709307629
-0.0038747003822463474 0.10192110033674531
-0.0006674145177086458 -0.039834684979016786
-0.0024628958855584565 -0.029587545327223318
0.10940196221494765 0.03849150620218375
-0.07999766564353268 0.11409913424578055
-0.05047805829803905 -0.046743557928289915
-0.08753621981224786 -0.038978688078659264
0.0022439194511709054 0.011317381456835985
0.022620074760241 -0.09093873390189565
0.040752622397602446 -0.039889445973972315
-0.05346726912543206 -0.04202972310898187
-0.008956904811515372 -0.11457142789629791
-0.17107709104465915 0.061327530917790966
0.015967275988778167 -0.16281555432979708
-0.05868107117334835 -0.01692624980195936
0.05538627395203269 -0.019688978450714045
-0.13050032122602617 -0.006271379719751459
0.004774331060873118 0.14800925887785205
0.002558290203970142 0.06316465517292298
0.014781530984559773 0.08809207253639444
0.06532517641258159 -0.047286505259238984
-0.09100867186224189 0.0776352979109373
0.04153047622109729 -0.129435652956812
0.09577843778578977 -0.007657921982893115
0.06237712730866414 -0.01613697070070644
0.018311105930476572 -0.0443359153144989
-0.01674944148584047 -0.07497722234278857
-0.03473975050290195 -0.044564687423236986
0.040076379418372235 0.06986230379139824
-0.02373840868479048 0.013003054313863395
-0.1788715659430405 -0.0991150798015117
-0.0022370120975766486 0.10046608802935837
0.09804131164694617 0.005064596131226825
-0.03629472091959866 0.052992741563033026
0.04509833983245541 0.02887378040786182
0.05489737287540288 0.054897588004645226
0.0943389296648152 0.08481467104809412
0.06415134491044099 0.06763765069750693
0.05977800768451935 0.018252727815120034
0.016339842705839436 -0.048283130866773445
0.05548549157450099 -0.056889624835137896
-0.06245856306706297 -0.12738748108354492
0.016897697217544895 0.015814712334097196
-0.0017954931560470997 -0.04796470459369356
0.06429502687435884 0.03844028783005715
-0.06570247108974539 -0.07470005990602718
0.010288501392267302 -0.025497045882671328
0.03757625181966236 0.13500297783907209
-0.06629408399737337 0.004092487261780949
0.04045595484313384 -0.06322878283431159
0.1269044405338402 0.09142707614338355
-0.07006218303355252 -0.007395492360199062
0.053304733560958946 0.018660262891443565
0.07022705215990932 -0.007174661731472267
0.10881312221194293 -0.008229884770658296
-0.09036442776871106 0.14047711898776846
0.11231275650511464 -0.02738260795468288
0.00873578968932748 -0.0034364943779318056
0.09261793107677746 -0.005270070731323632
0.08303377180008233 0.12030456076356234
0.10097613270095035 -0.09136029227892256
-0.09763312157122353 0.13036418710151204
-0.041225860188118274 0.07348094834868307
-0.06542758335798046 -0.043663022151194116
-0.05675799294334561 0.05228482035949856
-0.03682744142450566 0.05353439539092801
0.00419663488804852 0.05361990825835862
0.04736625980936074 -0.06067958132548615
0.09691362753019679 0.040548236081948394
0.061404508789769954 -0.028782596449861392
0.10587504666735371 0.04445358984933597
0.15927135909125545 0.003295480883883678
0.01573334104805758 -0.14212834221706142
0.010224791582320605 0.012942484512976117
0.046421048181579494 0.11262731893985604
-0.09569621710205595 0.05599541632102263
0.051660188923350954 -0.14118891012612111
-0.0362470387911069 -0.04591114518136826
0.03331854547302754 0.07793949877512792
-0.011840600054931396 -0.019354655647818953
0.05610001323463793 -0.09570582285221611
-0.008240348608112295 -0.05581302930335191
-0.024529216022647248 -0.07461064783593697
0.005786329960616259 -0.05642598746222281
0.022796737121811142 -0.045311194268558556
-0.010279434065176793 0.016064459415203732
0.032748836437923715 0.059806151953859944
-0.012251020897863797 0.043645813944520606
0.026804966301912866 0.1717538346238171
0.16165415582720433 -0.0076726676503386096
-0.08327291364966989 -0.025946709597960683
-0.005638001827754176 0.01094547240374362
-0.036436998708945824 -0.02792538958499345
0.04031058044445614 -0.018118771642532047
0.010514741221657894 -0.09097442432816134
-0.14373554261798369 0.048757766016949
-0.025006300163224412 0.12619463360825423
-0.008208200706350142 0.0015275373192178857
-0.03811839746872301 -0.061553326846464224
-0.01518102021883416 0.0493939753032626
0.07421507631886226 0.028750646999331792
-0.027071483093720924 -0.042969372017290036
-0.10754719591937059 0.038358913871219424
-0.07156034511958564 -0.05183715597525844
-0.06624592958585777 -0.08279649552295501
-0.08017639586143233 -0.06112883458167357
0.06655561218962552 -0.0799042611875178
0.011563868662843651 0.011210351067671856
0.026831344875061256 -0.06445307132055485
-0.046792917572755784 -0.02944861779644129
-0.04785669759507282 -0.06062041635917633
-0.05814585199417104 -0.018806901741860733
0.03736015084491364 0.054881103007556456
-0.03319445506900843 0.061620158608858284
0.11179376981094513 0.07134184889577103
-0.09898552351722702 -0.15652723481894162
0.023448955057442187 0.10809960003728801
-0.04055646126166506 0.00463573937092936
-0.0018705490563217947 -0.06101590890773502
0.08948543929570146 -0.014657118368382566
0.00796241887778779 0.019593442781744737
-0.06633097214844495 -0.06401783258927524
-0.0026007587029804645 -0.026078806759264377
0.009811100138505512 0.007161118958984037
0.11048637618853509 0.018298297707733988
-0.008988420592567279 -0.08006752947205699
0.022809904046315718 0.006180190602691586
-0.01033510068979292 0.19062891092012854
-0.04803494903689382 0.00182442016762351
0.019906617957846512 -0.12134201904654941
0.0010787160786858037 -0.020559683598510157
0.03239680346434333 0.13502997190180496
0.07641889877697912 -0.02370983854391351
-0.047213916830893154 0.0065127307466805685
-0.0943485698689852 0.06389856899804017
-0.01233744141589406 -0.04618441658906016
0.03667814458048063 -0.025921844808017673
1.760696557947246e-05 0.1251612608976684
0.12111316190877246 0.08083026713675182
0.004578294128173836 -0.07621674910686478
0.0050787074248122635 0.11918495570649965
-0.07276365832893945 0.012453782888116355
-0.0069209054508724685 0.009159809797833986
0.009254523860193663 0.028217571315569408
-0.09610217783968987 -0.14050500653028183
0.04507791414793585 0.10640337943658593
-0.057012539004593604 0.008782963031762224
-0.06602259360288384 0.030025974748292824
-0.10577874999345512 -0.03622262259990631
0.10729214553354319 -0.04622842888676767
0.01714863087484565 0.07718330187719526
0.028831524807388296 -0.09105405001400804
0.012521522597362264 0.07129945583362801
-0.08207694936316824 0.089966134682277
-0.010848881066515421 0.03371382680395237
-0.02496609270728138 -0.0030931778624173
0.06421751364818737 0.04726953333492082
-0.068911403252386 -0.04403837857663119
0.018196666277862057 0.024024057036520018
0.053848719899268864 0.07948056292289782
-0.03837908072191838 -0.05143491637382814
0.16034141218462525 -0.06089817123428036
-0.006400735186281745 0.12614187238481187
0.07879790396479197 0.08336600975278864
0.06310720040588672 0.1446566373943174
-0.00977372109437984 -0.043648909764146336
-0.12152539158439897 0.03094389337613515
-0.11689611842232957 0.0728448386282985
-0.07244091576442956 0.05541414691005932
-0.1338142998755419 0.07104780417872598
-0.05415748221578611 -0.028813594549263112
-0.02821675350671809 -0.021577503044046764
-0.027288060505041394 -0.10463399991042145
0.07116747588956471 0.012484136443794595
0.05314841296925054 -0.1046574467155077
-0.06361513109044321 0.06353048783882909
-0.18434791401066913 0.067655172543167
0.1183684846116637 0.03439350068206446
-0.04523800684370268 -0.006384865944251529
-0.0938896251742985 -0.02135625159885911
-0.04675488039015399 -0.10276343009288821
0.0532441202134647 -0.06947201533374621
0.03578029421560508 0.016986238181002467
-0.02506030985406373 0.05065839988458357
0.031364227321008895 0.025605567736720722
-0.11281760975351024 0.009126335008511205
-0.01964028550288505 0.0015777397482552942
0.06651104736678196 0.020215102388525544
0.029150642701182478 -0.029275919743069836
0.005390959181983515 -0.011767829087785269
-0.0007117718840018748 0.01510470912216986
-0.06263250806843297 -0.02913258778009344
0.0006067856758093087 0.110795755740897
0.1119269048946002 -0.036338819788617124
0.12977611235579567 -0.02225428734582093
0.032529477764982065 -0.12493016759463875
9.772957639902802e-05 0.022199453455776137
-0.05874832382956082 0.06629663009505206
0.04366809223125925 -0.10122156284403111
-0.03966577391330599 -0.1755685243309851
-0.054688931571976664 0.02832935611148773
-0.038920763537080155 -0.03464044255368279
-0.06576226103174651 -0.12444899339720648
0.0704123903440706 0.0885104985120495
-0.03016283414165406 -0.026073663628737993
-0.01313511093370597 0.09111252988109417
-0.04985528136740429 0.013570637916907623
-0.07398614466303376 -0.02810889587710453
-0.03209490693622958 -0.04652548435077076
-0.10419614090839938 0.04260723021709008
0.1808956334537439 0.01581337354915233
-0.06441999099827707 -0.06635085154211214
-0.057710524285393736 0.014790397642895926
0.07946518711809442 0.08876997789517725
-0.05023432537172498 -0.011458570967806506
0.03253794307777491 -0.09345224695082456
-0.08351757998281831 0.005450565719168408
-0.051762730386313946 -0.06040104165913036
-0.06200835408133093 -0.07701991763625664
0.09530659486705126 0.06909048376861145
-0.027685521994094218 -0.08379984296010619
-0.013551167851192234 0.045017709916105944
-0.0668008244089506 0.006538041834790585
-0.03568196074037655 -0.06634277312245798
0.05386552869131073 -0.002406193293547641
0.11531797455889405 -0.05987910507472287
0.07214246725140716 -0.21324473604201247
0.08814030358275621 -0.0008972056908179981
0.03689628588619419 -0.021023187222093266
0.0496033443943531 0.047916400940017576
0.029507629659900426 0.05208552569423123
-0.006204603546594296 -0.0012449713534654707
0.02469305720397949 0.04157695427437249
0.0701256991882303 0.04473040471675076
0.0855111672149101 -0.07134903528958882
0.07876125263086182 -0.07450620535287067
-0.006209253264407578 0.024798397707232907
0.0215142388419473 -0.06328579261099714
0.04672183592088696 0.011033948227847819
-0.08747492958479361 -0.13281535466595024
0.005078088666673484 0.06080598313814869
-0.08770585911218004 -0.03412803650138807
-0.10538771160328779 -0.010404772299584636
0.057677055207812286 0.1025657810607143
-0.09109639692714093 0.021845609910441793
-0.009273610533856665 0.11120945100084956
0.05107897230280707 0.030813964674298422
0.00933800273532925 -0.11336299169184702
0.04531147906745326 -0.11096615871056897
0.16406871938231132 -0.23047434160308125
-0.15208385087725376 -0.009212264252330278
-0.017603460287589908 -0.0008985590157510299
-0.0016586616219691898 -0.0658561804532012
-0.11157962905895483 0.087441654090144
0.08807831438661205 -0.11463226807720929
0.1323173710864726 -0.17396576808854353
-0.007992169162568088 0.03468794825936523
0.016093318790197497 -0.14172776685603597
0.008964175405964368 0.00585136956241999
-0.05139699658403038 0.0609615419477846
0.006737675510180746 0.012415800428123586
0.053828131265663506 -0.050245285549778654
-0.007184234509635218 0.052918958952347765
0.016780806324042018 -0.0700157288608821
0.11129138725545305 0.02249078994974834
0.014798593941537026 0.0061657555973961145
0.06173304882053765 0.07350015544111344
-0.0442703575375972 -0.06039737547217044
0.026616290137578574 -0.08074021762732486
0.11214584513270096 -0.011009393021961382
-0.14241474051468922 -0.03159153007281378
-0.0496162092482512 0.0380959221064765
-0.09784056139517461 -0.009467156897464413
-0.15790480326011558 0.10460395926901817
0.09818393711308761 0.07746388930374877
0.01779576510793119 0.04501054605846988
-0.02685219453311123 -0.006642391819335746
0.037658896361840055 -0.005110047264903816
-0.007389341305295685 0.04147028539131173
-0.028125620634990387 0.0006517192619454385
-0.02796825265130981 -0.053228971966418834
0.06365493881091451 -0.161496061207035
-0.03203387694381908 0.07718474795736623
-0.032612210918919415 -0.06495286016073142
0.16585759433644906 0.06120539934121603
-0.16929832796837208 -0.005293380739207758
-0.051094402737822356 -0.006843930610712511
0.1193941878369007 0.07278428374215273
-0.012535821242671262 0.025842626579514163
0.08002441352572608 0.006878765032544422
0.03408943132729204 0.014563795596981228
0.026709544841525223 -0.11959150395884151
0.0802749095371511 -0.05364715431689824
-0.015813767333096085 0.18314357137370696
0.07310950685838573 0.08414197032014628
0.003746358823976588 -0.011482997685058683
0.019226303679585204 0.09094547970532964
-0.0544412266406642 0.018836762747469434
-0.15338154581914018 0.07393014365673414
0.038825277503839385 -0.006761922360721683
-0.06294644250742151 0.050274874023282935
0.011061422780525363 0.13119663015558503
0.03741440899747591 -0.029762957708930216
0.10513260673315261 -0.011772581924620315
-0.05824919996284934 -0.02512244914304235
0.03120628221112299 0.07850591514865109
-0.0030237513693148893 -0.04411811384731902
0.04516796201234976 -0.05565008484559971
-0.06955408533865601 0.02727335539995236
0.053388232399257975 0.06556986908078186
-0.02124796577167151 -0.042609688986596186
0.03531243645213184 -0.050701857865077325
0.13871094810133805 -0.026512768215770324
-0.04453800100168992 -0.013595846757935738
0.02236673384005271 -0.07659141590448232
-0.03991104118260745 -0.05138554334436653
0.04614199020821588 -0.0603607727939999
-0.12947439630270313 0.11041484984883017
0.10063418681990675 -0.06898995018354648
-0.01220039753898691 0.025916664145061694
0.08789694895455401 0.01137741387339656
0.007525853768727474 -0.08151170462597085
0.09738662872399109 0.0034532649089173426
-0.012729296132656998 0.043052666744477754
0.043707669115795454 -0.08103597739788833
0.06007815806406626 0.07781122007478304
0.09916223407694116 -0.13099329408704008
-0.11020637374956208 0.09912577444583608
0.028331862599990383 0.022201379388269042
-0.02982150807288372 -0.08420132332697945
-0.11093479234034591 -0.04813579746600598
-0.037610238174906226 0.008807826674016556
-0.05354227587029584 0.0008440522509321255
0.03660993380751019 0.046213861701351895
0.03531042502690944 0.038672501239724225
-0.07826428309738798 0.055988326089364424
0.025001632945839784 -0.07597006605116774
-0.03903915730418513 0.04267658546788533
-0.025263108861206945 0.08584045774159849
-0.03242061019351195 0.059800158438632865
-0.07413267025073604 0.0709251832836743
-0.06389035022594265 -0.015402381102061768
0.014766896073890198 -0.1106926667496473
0.025114914808282467 0.051303366105359544
-0.09845631949774723 -0.02783649518137148
-0.08409772637874174 0.02247715023529769
0.08240948287239024 -0.12818483826528593
0.08130633899950038 0.20945789649763039
-0.01476674847351961 0.07509687149215173
-0.07480623029303525 -0.13416182175221966
-0.06596533145658877 0.015634529537050714
0.09707545389415906 0.07791351186658838
0.004514526874756415 -0.06852020321866722
-0.04777982985665741 0.1414014711781134
-0.23316048274498044 0.01420214575748026
-0.03400393146450849 0.012131032828932159
-0.02910579970357881 0.032256427653985925
0.04667117225783233 0.09904474375621285
0.09097449321282391 -0.10174146796416275
-0.04127927457309294 -0.023135340879836725
-0.0698464978452394 0.0660649419780654
-0.05765791532960329 0.017851275769496237
-0.09813949794587903 0.03610528392087261
-0.07016067850960851 0.025552914672134525
0.022095633772148657 0.025737656295048573
0.003951526306526674 0.039321425896808836
0.07728434096390595 0.07049320388023893
0.07687159270127497 0.06100724458745244
-0.08133307690673089 -0.03773612916736178
0.00994902680638834 -0.0853415003228386
0.04431409546296663 0.029831918217421347
-0.014283613284844834 -0.02670260107768165
0.0351229565100355 0.0087565086768042
0.0513260845957838 -0.04796122244905663
-0.020191864577922748 0.008595556972736939
-0.06454134552967523 0.055235461544677664
0.09170249229264268 -0.11337067920142527
-0.11321277764931074 0.08830037447848806
-0.11583159778850702 0.11630784704666076
0.03315868353157203 -0.04774344262479974
0.056744641425992094 -0.12319735971676414
-0.025027288200889262 0.009685446987299003
-0.03329178360133179 -0.06620920367518121
-0.027083269200145862 -0.018218957678409243
-0.08848147678249053 0.0795740090428748
0.04419709024587508 0.03246064220034443
-0.03367006596455779 0.06510473927009729
0.12863421672316733 0.16862766694864528
0.10574843247411454 -0.039865294410463485
-0.02126796975315529 0.0024751224589075623
-0.06403598399726615 0.0014436327587519309
-0.02447963324362625 -0.10103862047457994
0.16304421237928018 0.09621054186842448
0.1143015688841782 0.01897437931481401
0.01085277299472272 0.03790784733575183
0.06770418075217852 0.10217999685965139
-0.0018288301374563163 -0.06938356266269989
-0.07575863385288722 -0.040865287624524196
0.032314976523564014 -0.11930559213627373
0.056271984475072964 0.16938068354257374
0.04847740690202306 -0.002161553332191498
0.009257312139117332 -0.16724531547296956
0.011519184009565914 -0.006696885991530546
0.10396374978797783 0.008914826029676921
-0.08434303529953889 0.10944485285100869
0.02654396864095628 0.001826160358375788
-0.07835669207063083 -0.01263719195545231
0.03524921496264665 0.09608696019611536
-0.024543123916468502 -0.03043198074666213
0.09134936991905386 -0.11279476882454255
0.09065960789143197 0.07548764463396683
0.07684222575150249 0.08091342924863859
-0.007114942118219722 -0.12515493506451006
-0.039852063033426394 -0.10948798018146498
0.07379803366942271 -0.019066942956182935
-0.02043660681568825 -0.11805059949446535
0.012038824604506173 0.0031198333901623723
0.022683671538650533 0.10021750574827465
-0.002957728252517428 -0.16779161193819297
-0.07508443286900612 0.13641609617164213
-0.031033431298905057 0.0323245239099948
-0.021700003798545527 0.0018549812801505303
-0.08744693415504919 -0.017739603418633853
-0.049588734196607365 -0.04768349022765627
-0.036758703680124453 0.10517681158685942
0.14514550414669708 -0.06423584738757733
0.058533889343549896 -0.14447445220941954
-0.10649511557162422 -0.03889779873079531
-0.05608424844884144 -0.05833046906913434
0.039252033989741454 -0.009374509908293208
-0.012136130504302579 0.038109615735202745
-0.059749131507971544 -0.042700418833197785
-0.01785003831845045 -0.03630249943947796
-0.07528473899611758 -0.1337591229122062
0.08394021009078102 -0.01329808531203568
-0.029241260133556605 -0.033010966367702406
-0.017137665996141208 -0.029768860710112748
0.0016445173081889803 -0.12712108528246116
0.06041762847184938 0.05656026530475971
0.08091816709474585 -0.05717175112163829
-0.022295428774750794 0.07638058281725953
-0.0032347291366938632 -0.008685014120497107
0.06200556991825262 0.06389234619261151
-0.09255246022328271 0.04281220782875838
-0.016071173302875563 0.023439848036337307
0.1013830060354646 -0.22907274788140755
0.03256420367783541 -0.06007650749416596
-0.015735253144243448 0.04653540502093108
-0.010594085696441546 -0.07483920925150483
-0.03666741120858738 -0.05592093062814609
0.05678620371561565 -0.1928785153663028
-0.03040936461741791 -0.10976893967080485
0.047671507986363715 -0.0978767682661416
0.19499424112160146 0.03223985500883084
-0.05734240316874337 -0.05814112867480205
-0.00031882309340209745 0.11286759198312002
0.08505253250813402 0.10446687987356065
0.10052819450120118 0.045601318558427
-0.05946943375399911 -0.016775871324327805
-0.10219961326988315 0.07568091427358659
-0.007704751797630444 -0.0055120788113530075
0.115149670772155 -0.060207182381045735
0.012513712356557249 -0.19172354503671096
-0.1104070296346305 0.029103137777495777
-0.17828950496216114 -0.027060598994061418
0.06397350648093016 0.06085766087660743
0.009363197047852344 0.05212041355625107
-0.11760369449545008 -0.024043837479336038
-0.0012669251456286167 0.04525622619018461
-0.022988177943703537 -0.015342403092963896
0.10188949423304543 0.036187338038919395
0.01882034514789098 0.02373959590539986
-0.10190442256961785 -0.04814674617877059
