-0.013052468003739826 0.055572677175983784
-0.018388277686570517 0.03545057742669335
0.09505101899019293 0.05498985147479574
0.04223562406381093 -0.03441482682243021
-0.003383997089667936 -0.020460075900662702
0.13426451069187878 0.034294957935272416
-0.05608495063082263 -0.036329705304878106
-0.019957887312505605 0.1172309288472601
0.04784034191455759 -0.06326666939400896
0.1313243608770108 0.011297495105357554
0.11376510714282696 0.056548479611780444
-0.032745683132426665 -0.14313399639949925
-0.017760050316769988 -0.027971325223390384
0.02645405665943619 -0.027098998106345393
-0.05495892608230314 0.003539306273420944
0.07383971581372645 0.02260356334963996
0.02760849506524487 0.13325052289920936
-0.048702453180486105 0.01738184521981606
0.10675149403685816 -0.0498528322722929
-0.10444730100893092 -0.05661290305711037
-0.020685560074974005 0.017234762739744135
0.00898453923645514 -0.04714188177912808
-0.035766037096993615 0.01022379547640306
-0.02176824662922021 -0.09080467502136892
0.026820232718091017 -0.037605117330391194
-0.030046314469443364 -0.15166700428352425
0.012955285111183087 -0.08454657063846416
-0.10190341007308999 -0.04751443184092745
-0.11166122268836402 0.07457177778191965
-0.05963064828340794 -0.03992999093332204
0.02506242756225324 0.06107325186596695
0.038353392082601565 -0.02883398183421647
0.07156405714515825 0.0071565402454428755
-0.07547416466659122 -0.017931594225112757
0.007858629417139865 -0.003542304394091421
-0.0831078418515851 0.014042676452686021
-0.08853409562762074 -0.008205010364435246
-0.036597162836868015 0.052798520375122615
-0.15660605847904274 0.011297709596799741
-0.20115528486035894 0.03107811334588201
-0.0497369165972199 -0.0032159343283519786
0.060080189328152636 -0.014252140996479246
-0.2174830462433059 0.028268140804891272
-0.06051443648969693 -0.04588784416109099
0.008412603015956414 -0.0009974029098181185
0.009446108046891808 0.016363310393432532
0.04769156376197265 -0.03190602873021383
-0.012442726743961362 0.10070129679694045
0.17357054292850163 0.017477556639591964
-0.13361959195281342 -0.02696522980410314
0.10991348580080096 -0.03982909713344288
-0.039837419500366254 0.07803723934985383
-0.09573574820160158 0.03436664133693004
-0.054861509408049215 -0.09292913629152527
-0.16617349259912195 -0.06250425227026389
-0.028130637613372773 -0.07980518440118128
-0.10853928769339635 -0.039604841719385005
-0.08681536008711795 -0.03784156841138828
-0.11470231322409917 -0.014631174441107916
0.04269815554736712 0.028322071656013477
-0.012770611896403269 -0.024049186852931545
-0.014066379976583481 -0.08292455844961666
0.010330126751804879 -0.11936689528002027
0.06912522301136144 0.10326470564517375
-0.09135117996265145 0.0708103998817794
-0.09903488262569456 -0.02731568914656527
-0.018988837189280787 -0.0772207139283331
-0.03456371828508703 0.07808284524726436
-0.02417032657298303 0.03816009038475747
0.05329937451262138 -0.031378897285502784
-0.05259098336875183 0.011865962442254404
0.011193167611897243 -0.008546520157497493
-0.03006865246050892 0.08180956250122451
0.02650471178209077 -0.002209721956367595
-0.027180934949738386 0.16891656320514806
0.03437274899723977 -0.013841354301646276
0.005263261315472247 -0.035278437814478696
-0.09887983818329475 0.023004994913400023
-0.0053939258800863475 -0.027279511964119492
0.05044655038822698 0.14583132290695988
-0.03365723754940766 0.06366717404947768
-0.05176700253382494 -0.09333911142125399
0.08587190553473326 0.06442410902787815
0.003460219606542091 -0.0665577079845484
0.04008001098621776 -0.06670992184481014
-0.030407862185449556 0.01914524816847717
0.11922063305075187 0.05885613859507596
-0.005966390725880095 -0.015066368259705252
-0.0388503199640536 -0.018228323684386493
0.03439629849193564 -0.08843344760853333
0.009913506476643467 -0.0928086052078201
0.03515182528547513 0.042733307689379475
0.027010029532280905 0.07699436310256971
0.008201692226506165 0.024934757635839043
0.04108364801057164 -0.13485508158748158
0.13405590100093978 -0.10856014465444468
-0.08349690031334797 -0.07523642290144775
-0.003987074014316226 -0.06062492164197557
0.058225573973219 -0.00590504369648022
-0.06706190627496394 -0.0981926345647752
-0.020436109588513076 0.03918399316264988
0.03309004017170379 0.07391227456431132
-0.0003952186680803842 -0.10968282327588652
0.005803127560199295 0.027413977996881708
0.048598902553000714 0.03982474698496718
0.1000400716956391 0.052128749402339414
-0.03187638854252565 -0.16794358609328186
0.030539846788521445 -0.075249305953263
0.01591226631575748 -0.16941976190423846
0.07159341502098167 0.006519750376364765
0.05668401022467506 -0.1292580221785533
0.011204736690317064 -0.009742465538709605
-0.08541711814218794 0.07425273784823484
0.07016471174519491 -0.0015688522004567282
-0.010317316829700038 0.035647359566975685
-0.01876074141552102 -0.057061382388975714
0.12939361251598408 0.012579594382541191
-0.03561317148542192 0.11118106802029801
-0.10593189698186405 0.036186366093695826
-0.09515782522290221 0.015136445900672858
0.16929840777053612 0.10827595681197096
0.02119967379091113 -0.01543955240524441
0.007603507244018738 -0.02180604598483162
0.045477141477673455 -0.0067729913755104985
0.01937110011567101 -0.0791130913367707
-0.08856550191027036 0.09041387621496111
0.0012847853178966767 -0.028790821144193353
-0.0044273573636586586 0.028262282117869228
0.02617085527225546 -0.12730743272177428
-0.016372707119789564 -0.015922193618665398
-0.07522540083323109 0.09046676510847193
-0.06666378132838274 -0.0647918333685973
-0.07452157163603228 0.11151533476987599
0.1663765651366107 0.1663281780039798
-0.007820375398901768 -0.12482173564639178
-0.016759400218341238 -0.024974364786296097
0.04539447218260543 0.07212095951062729
0.07030139283009122 0.0020042046721057494
-0.01571621225083034 -0.05432435981975383
-0.012416862995560175 0.009020553386282845
-0.07704653647672341 0.005847842894525827
-0.114556577186284 -0.022284169573152653
-0.05066843349611578 -0.03941476995684677
-0.08627749273601955 -0.02939605275189606
0.11180206653198187 0.09778291044655538
0.006622804113825916 -0.014825029931373144
-0.041491873557734565 0.043288925877273135
-0.12638343418196893 -0.017909399082173212
0.054494659602874466 0.0030434205874529073
0.020420430150292282 0.01488407333065646
0.0670253057524998 -0.041127836196512516
-0.04914611888617932 0.1305987330939395
0.014757188096922173 0.07334548342990492
-0.16135008587595537 0.052790092126024424
0.11943340167434707 0.004827222085106477
-0.011522042173243595 -0.057461431763039195
-0.028065271110318896 -0.015072952446823848
0.06690015451437456 0.005244486535247159
0.049444991481720206 0.1333916794233751
-0.021511529698763444 0.21897962501370527
0.008436189706055624 -0.05971850496603637
-0.05598081746284447 0.16994221761090184
0.06440323547214982 -0.02089512814522167
-0.09927910962475871 -0.01103892904520505
-0.17320962815216645 -0.002773927872879589
0.047871960403283995 0.0406461806821093
0.13638749829199406 0.07012497085709425
0.02128032312862001 -0.03861674424125075
0.01485980654447964 0.025396958899254796
-0.03091754800568637 0.0028466783035966644
0.024540275054308794 0.008157540128669651
-0.003704930163131881 0.10665664928871468
-0.07077689303647501 0.028596164520515593
0.09519665733809025 -0.06209175387062049
0.07027192539132657 -0.10467681383157641
-0.07840804822890936 -0.0639653368517096
-0.004760242678087648 -0.06501820604472199
0.04551054312553059 -0.010914063579595498
0.09806449776369335 -0.09566176104725599
0.05391348063447675 0.11700150439277529
0.1027711359753213 0.045799029703365836
0.010366927488662239 -0.1325684246475016
0.03404968874797155 -0.13536851265685293
0.0098379597766577 -0.039590956744344916
-0.021167952733728634 -0.05196282334130849
0.013215149766982539 -0.0536205596832327
0.08096253407157113 -0.009109526838385121
0.1302801864656216 -0.12435736200008872
-0.007412061126119683 -0.022160488978213225
0.12067661109988541 0.031218421230519
0.04661415157367147 -0.11753609390659231
-0.07103516314335957 0.10901236014153201
0.11057800296060784 0.0017654466827839567
-0.06600798658300185 0.004212948404921868
-0.09084397289633415 0.017740605403751507
-0.13151725545444093 -0.0029039968953052295
0.04365011629594463 -0.006667880890376055
0.08878072940973447 -0.12514402052976484
0.05181466489550766 -0.05870798703745706
0.008488916280082097 -0.14003089360629095
0.05210550083840658 -0.0788374872404258
-0.04144971309665272 0.07070902724310621
-0.05408829019141562 -0.03792017588544531
0.02091431432072425 0.12291904589930724
0.054955784222893295 0.10816508718854484
0.010488692777497944 -0.05306709481020663
0.030126315475203194 -0.03028381675706801
0.09393468774227336 -0.05987970657205401
-0.0022742019059091684 0.07750622211754638
-0.1177947720375305 -0.07050917097483364
0.16344334372780384 -0.0018664710279202648
-0.01292156342326938 0.02293389298187354
0.06661701156673017 -0.06554131580254605
-0.03177278003996232 0.09316697971137675
0.11480473720671623 -0.08816260669603164
0.058534625303388176 -0.04041025167798103
-0.05075175902825335 0.0028396567626120454
-0.03423903647272756 -0.0260675382473271
-0.013881468293219245 0.09560741901030086
0.05263234621379993 0.1716055600572944
-0.02314566050472203 0.07490639862076107
0.017040990544312216 0.04698025791429773
-0.059432828650349 -0.01587705047317925
-0.061750331629246806 -0.0810896099647455
0.14989711923792468 0.007701862866514431
0.04983449044073928 0.006152260753164676
-0.018228165459641184 -0.020187574919224387
0.04060830346380086 -0.0514179522110569
0.05197091517664094 0.09825862701527217
0.03009290499973342 -0.010589306442241748
-0.10290554276361646 -0.06105610764082628
0.10240666098119691 -0.03684000041966508
0.05265908410186139 -0.0350662584132854
-0.011669819845964123 0.0859392587744222
0.01276903221184493 -0.029535295395920952
0.019361403500694783 0.014726815804152532
0.0693244668301455 0.013253730186780287
-0.12919858999558861 0.009657483442325063
0.0024986463581426455 0.05215394816504329
-0.09490600145729473 -0.11862388519367734
0.037078592272819656 -0.04064945016722465
-0.06597541611989367 -0.013294372611524045
-0.06741213651437092 -0.024993270937594854
0.07379793271017007 0.0651892822732441
0.05038278897661589 -0.040246278478598206
0.002445170632727465 0.13629590090620766
-0.016107635491393543 -0.02177907673865948
-0.041767165101857164 -0.1402820538718856
-0.07842403267193923 -0.051270092201403064
0.09774184360928428 -0.012496817948104222
0.02733869785115127 -0.14348008537024287
-0.0651559426822429 0.06768648466695958
0.002826341178587352 -0.06195882316784372
0.06344062575544158 -0.042900358767342085
-0.11715883632018488 -0.046413043559688436
-0.05002626311713609 0.012473154117318573
0.09102750438200037 0.05089525426537752
-0.024356192494644092 -0.0953722036784754
0.15181302726057544 0.0876304020302528
-0.07228943311068586 0.024961313528906327
-0.005790179409776968 0.01817586778366105
0.007976196951074198 -0.07068263186114097
0.08485074971491503 -0.00175001124179696
0.0889577214141446 0.00951742952240161
0.06633223040942927 0.05833791385812486
-0.08334068528898105 -0.003804997381206599
0.04239450819616397 -0.04370755005424769
-0.05167795783559821 -0.05237191315377892
0.024185054298502717 0.15820566317810364
-0.022263303087324743 0.044125430741110194
0.06828872170139619 -0.03886024626608587
-0.02328974468413608 -0.07247634937745599
-0.006431248021223075 -0.10808805857714632
0.05470119523055521 0.0988884707808923
0.0025562928220400592 0.08096817241200983
0.018005089064424697 0.15177889866357
-0.16942522639682706 0.1472597909683597
0.030011197632687236 0.00739610281070378
0.01638704693763622 -0.05795336601291031
-0.0335651436070828 -0.08696693718187946
-0.05531348778288514 -0.07810964527144111
0.0804724559288618 -0.04567003089922696
-0.13068942480595777 0.06464463114916232
-0.07434572133985619 0.08945971076118546
0.012302388189720903 0.02161376752385638
-0.09028307510152817 -0.03525447049912942
-0.028544673134617286 -0.0002756914840696231
0.027721244882087777 -0.08778724704151558
-0.10966557474004968 0.006628365872588973
0.06526582446239076 -0.036798985730493936
0.006290029174989109 0.1196962146618335
0.0018201416661064492 -0.023231558637283264
0.08142888130622082 0.003564458652115723
0.02686263113426732 0.047370041431749
0.0034815530193842053 -0.07590876831610817
-0.01338884368446467 0.12808024204279594
-0.11503938434967328 0.06726630884237401
0.10980483223550101 0.014330332170565396
0.04063728881806729 0.03717381227833665
-0.0023943891806999054 0.0054094465918012044
0.14938107983689197 0.001630703663688178
-0.028558900842302753 0.14233603403264591
-0.047593205451863435 0.008625809266993615
0.13242888290422597 0.042394541126155726
0.06395956388266974 -0.006226333159539474
0.013692861380335354 -0.023907970342673914
0.004322127320432449 0.10268892520647876
0.0029945091569002153 0.021811204091035534
-0.049893625735321516 -0.05721409790009736
0.002523849984649914 -0.020075381319299583
0.034865201624541 -0.04995141362993026
-0.0750680529556083 -0.07130780746951988
-0.1406721910212286 -0.028380887395247464
-0.031992852784191624 0.08025603899431792
-0.05995254800021746 0.09226338694561341
0.2440194609189391 -0.09664463924745664
0.02002157351901327 -0.030746372274408573
-0.033873351716192816 0.012873134502740687
0.0442653074714552 0.08052993662560258
0.033722785294351736 0.08405372897323223
-0.045161845979487816 0.061937622259199715
-0.040331874750082375 0.030806776978084274
0.12182162152665697 0.00286875674970618
-0.00036376935505782256 0.11847957180839551
-0.08885459258547591 -0.07450978245877653
0.0941164813633347 -0.039570299204485064
0.04636109149847618 -0.0177770275053175
-0.005299010574025287 -0.08335416795376098
-0.049110312992394295 -0.007047433917903568
0.002626373524756879 -0.01375639574942046
0.02067814194552064 0.09893326179307924
0.055209246658345895 0.04012537492084797
0.03377411321613836 -0.019456009590484994
0.07231857297548659 0.022254985737746907
-0.03252947930490953 0.036532225481725994
-0.009308189988722362 -0.10649058405932439
0.03234369445094742 -0.05923274078274272
-0.07772198225280606 0.0027110554489197616
0.03015837696832714 0.008580914948831425
-0.052310114065500415 -0.03703642828100552
0.025403519727842272 -0.155492628648742
-0.07152628378733847 -0.11032581824214224
0.007131900456012739 0.011423128374929661
0.029569690965987844 0.05905435421218618
-0.04723100558002223 0.1347704171796693
-0.03133593095196782 -0.039135749916485926
0.051258406313109885 -0.042929583226877226
0.0620542908718526 0.07426032733424774
-0.06466603421460697 0.05749872430546289
0.11314297083293351 0.08865592331018021
-0.0651152595439827 0.029163329711055425
0.040049597884970776 -0.017235089644268696
0.034547739399796606 0.07927366996742878
0.05156578667663311 -0.0717359736433397
-0.09696796162214463 0.04598305379289157
-0.05412448794069694 -0.035100354545168
0.007783409712744583 0.0811760950801424
-0.031202016963570424 -0.08854590518516015
0.03680805535541706 0.0011774389912786775
-0.022652225547969324 0.06843362937387035
0.021693138279390883 -0.04166706328911926
0.0520405427768238 -0.10255011042470621
-0.012898147335927508 -0.03836827147911222
-0.02409634912591722 0.0126110176413804
0.019194057838786444 0.022682382697067405
0.08982246857534329 -0.05001076708744024
-0.0024671257798944907 -0.11643867451349069
-0.01917281250189305 -0.07716805544531834
0.0011260393119260977 -0.025813143742731248
-0.002816143565815648 0.09420135323747961
-0.09065709473352969 0.00388835218544422
0.12872353429261799 0.1162420238326125
0.09856534942537387 -0.05035381389297041
-0.09835858700465903 0.021523447107687634
-0.030022911466289975 -0.1382161089973704
0.05321180583331136 -0.019449806399183405
-0.001903378195329506 0.08688155227845579
-0.04491302923577262 0.007495873130599117
-0.05658026378400928 -0.039045349199794695
0.012638480309983888 0.015973598349321005
-0.10832468253001212 -0.05890594063945979
0.011413056893824394 -0.04041492143095791
0.001186204639348122 0.03409911998345435
-0.0582132699907253 -0.03449777746368274
0.039572044720746345 0.041205342501815574
0.09952305499378859 -0.028215543328042037
0.06913540325045502 0.09974988946312077
0.015443785978369456 -0.025816174687601365
-0.0262595317549343 -0.0004200929651891308
0.09611457230167378 0.09652009303695393
0.08002277938029657 -0.125347748748055
-0.08045638800099762 -0.02094591602698061
-0.09414366931161104 0.06927860324396118
-0.1257222679089651 -0.019588090988414006
0.03402810283208396 -0.022620176791342782
-0.024967478698001085 0.06035817208055682
-0.09566097673675293 0.023665591321302915
0.007934326413259843 -0.0574192441470355
0.13792480786665037 -0.08728385788696481
-0.12519269245442827 -0.0037680902854313712
-0.13407012684090402 -0.13830443810483078
-0.08746987640415943 -0.18936467873667148
0.10663404846375299 -0.06325986389286126
0.10810356295460227 0.08309829041292159
0.06537563753928907 0.13302983861556908
-0.08539582717860607 -0.010421011368060864
0.007246310032283149 0.05175946957325806
0.0003019880936712438 0.0055009249207950426
-0.05116096411810381 -0.09827376050893548
-0.014474170996678035 0.020490493179709666
-0.05642367701076358 0.01881250599637653
0.06800517486226414 -0.07311469335187784
-0.15661086081135547 0.10572898630787417
0.006664398565846939 0.053814747544010416
-0.01526739363513897 0.12558840837668261
0.13153012569012415 0.0028465935191336823
0.054763390299623765 -0.018806333057042462
0.005731789158447404 -0.032287291967200094
-0.01617706158492131 -0.05168952222638001
-0.1005215292307791 0.0027640249523239813
0.05741661727994812 -0.050681452828483686
-0.04398711198747701 0.002890626257810842
-0.10442640628060672 0.0026537456442208497
-0.09550336811877165 0.020938500260395017
-0.06537588216868881 -0.008497726350974705
-0.00787606342166204 0.01733972984374056
0.010225272915920404 -0.022481172747273948
0.1552532115910163 -0.07110927890985001
-0.01324372802017457 0.038328058850671594
0.04111668939927662 -0.08642793477105737
-0.02159550456321161 -0.11240199455148002
0.08296096896687381 -0.09613900382733172
-0.10022542360587702 0.10393560937603782
0.03316062387889493 0.0883740813274301
0.19080934362706645 -0.11142389784706458
0.003576193586911055 0.036089854549498014
0.06537822427252761 -0.17376548141946033
-0.03145296609341182 -0.027678195643624188
0.06968427283616327 0.048124362122194106
-0.11235059568450946 -0.04162628423612024
-0.03758128006516015 0.07371425380640506
0.060426611642249335 0.06473900831756974
0.0491711006069781 -0.020520429538401958
-0.028300102915684723 -0.016627431227590035
-0.1260247348729112 -0.047971482834566155
-0.009548023466004781 -0.1516876637021898
0.07033817669870432 -0.1456841413121583
0.007122741008340051 -0.046155252049958684
0.017472631212479113 -0.010606444568684257
0.0669997846056489 -0.07017795022326571
0.03601776751748607 0.0649373322566151
0.013023996561833909 -0.050468745061347076
0.03540846906205211 -0.05309506976824349
-0.12989376753464602 -0.030809161409290672
0.0057903847674295635 -0.04355472903896029
-0.10873065233481265 -0.019111356135426184
-0.04937336917028489 0.0010839925331615546
-0.03941056175871988 0.024553054804553737
0.03986375112309035 0.009542006881823871
0.04582462081368035 0.0713752831313094
0.025187669505761692 -0.008073450688217175
-0.09507109373149394 0.01148439625537249
-0.044272230075049136 -0.13591928874562687
-0.019181521111593183 -0.025738045041801466
0.04895965709315294 -0.05515138739687355
-0.11305907651227236 -0.039744111449483324
0.09390090293280003 -0.07364025470170894
0.012699485314070542 0.09385658931362549
-0.21845906265623066 -0.11605289477928774
0.09407193354101671 -0.04338004226413505
-0.08455069296068124 -0.0646102944391403
0.03826183563042965 -0.006896677277424735
0.07638013302729427 -0.02066707930709681
-0.09570531474865648 -0.07058392094771372
-0.03253270309547246 0.007387425279789058
0.04004326440404564 0.007369620004374421
-0.032238406026734744 0.12486135136862486
0.130522810534314 0.049262643185168146
-0.06116977354396917 0.010964041784750928
-0.132012648544781 -0.15072144779718188
-0.011414831834985198 0.02169438569903807
0.08920432603919788 -0.03012536350535737
-0.0923058771700271 -0.03958155644341272
0.018423373711964407 0.029610553877171694
0.05142308858162571 0.03542933431191925
0.043282263987710415 -0.05729626399471239
-0.057209117799671506 0.08224909588152045
-0.006675331069969592 0.12899664767107763
0.01708067159999074 -0.09648381514928099
-0.026176014450425247 0.03197671110984404
-0.04482652510067414 -0.03551140327179757
0.053678652699518596 -0.08645490891372903
0.012215593314998092 0.030456328825085477
-0.17279560054730458 -0.04481178102570425
0.07318248952573615 -0.025531859254404373
-0.0625521076590394 0.11582533003590159
0.0666639659383112 -0.04567968089162987
-0.04663477271492309 0.13735243404917544
-0.08564687771956035 -0.08392532316579018
-0.09410935527032255 0.00098219737327518
0.052086329793051764 -0.017991162448704492
-0.015571488545691922 0.05120654100995637
0.020454532171130736 0.09453068260727153
0.002565053314874051 0.0014230629129238623
0.07220056138772254 0.10997061368899352
-0.03844760623071194 0.1178497063856209
-0.19411213365112187 -0.12276556527842945
0.11186829771048537 -0.05069570166910072
-0.008856453073965384 0.028159291847950154
0.011593439675772014 -0.08781891475569442
-0.04305806313639185 -0.10998644076561348
-0.013950614088170202 -0.06167918494825175
-0.058941848018506715 -0.06654904993861813
0.038687532508554334 -0.08278102070518227
0.09279409650357986 -0.013328739015365245
0.07147833822184615 -0.11842183641403857
-0.058216296592850644 0.09479754155714955
0.022938475614673017 -0.04873768069336798
0.007446292047417361 0.07950738650614522
0.05094986512533125 0.03877869194923371
0.15221270221404454 0.07314340170053288
0.053536602275693575 0.02697624475430166
-0.022503645420844504 0.017648069158716136
-0.009480984939896752 0.025483772042273322
-0.002253599647842642 0.0419622638729303
-0.04591104204831728 -0.045144643210974666
-0.026030165080905384 0.052955371257766476
-0.14423921348397814 -0.03981941915882342
0.06983658826373385 -0.07155002958241835
0.011494464162194205 -0.034620441891861864
-0.03846964352309846 0.09002068030341169
0.02036023583866906 -0.019570895913053703
-0.07904474847385116 -0.015750290930980168
0.02678560398139157 -0.03404916571104915
0.005528221257729544 -0.002960284622310093
-0.08126244297644568 -0.054331243896111554
-0.010584215141713368 0.12228459207998278
0.09479278996873557 -0.07673628525479394
-0.15472259769565633 0.016958390796428417
0.01985197226388013 0.05065111309393931
0.003481473578313617 0.01324622247394112
-0.07446418119843769 0.05698202738316948
0.1074363348368105 0.08092595142183735
0.04712430803419371 0.11189663039201155
0.007239145101180345 -0.11376026530931921
0.03613679497954223 0.031968511879241136
-0.06674578948948871 -0.09664452559027041
0.16956101735546392 0.10631174682984715
0.0006679711315672437 -0.09123346286469121
-0.08119371265339735 -0.14617903742301053
-0.06817007045222542 0.07796659317092823
-0.038803067118632795 -0.14897604446551657
-0.014062994590100622 0.0549555126428276
0.036253441351507744 -0.016858057677843943
-0.030707241236819623 0.0054538010502483
-0.013742710418023774 -0.0012131301797106055
0.07838522754306539 -0.03366637378811611
-0.031606838842870306 0.08528421664575453
0.0702723269956394 0.06224128709327612
-0.05610593294439333 -0.0004674575959856599
0.07902177221109034 0.029537941593366673
0.044837447554653666 0.040045176593694484
-0.05176804186042861 0.031044512337917197
-0.00403242923683874 0.03819947634785825
-0.012033947561268516 0.08270642852358966
0.017208192968196128 0.05082384890136695
0.018691908376590263 0.09952696758204126
-0.046399855373390954 -0.00741912198048509
0.07363764657047173 0.03725039427451032
0.08134146090231123 -0.004294660826896823
0.04619749118875425 -0.015608178028196106
-0.062006359500378055 0.03059275022770632
-0.07332899773455834 0.02987786015589515
-0.02978233019939488 0.04321488017769783
-0.02339534913618691 0.126556271406834
0.07032861839097257 0.13167468362517415
0.03380481832276163 -0.01894603191672596
-0.06769057446799692 -0.08285568666772918
0.023696464733909687 -0.026417347923120955
0.0016295661992450782 -0.16249962053908695
0.055759491198164195 -0.0028233578226416946
0.0392631913341406 -0.1484107891351021
0.05430817596364703 -0.07796972619347071
0.12441863323464628 -0.05363844247961669
-0.019835288238554242 0.0458431061683408
0.06746671139745927 -0.002329555700923427
-0.020043488626020685 -0.01716825862294546
0.05800220195501685 0.009466240651230882
0.0573529276026277 0.04121635261572967
0.07459402590616877 -0.10103896230414369
0.0444796813769333 0.12542409592639103
0.08599723806919193 0.04449170332544546
-0.07574038583488858 -0.031290687686434435
-0.027250883087227253 0.0270490070194431
0.03113607818751875 0.10802753326713922
0.05269306692684232 -0.10822163223968735
-0.011468396558079647 0.0528857387545064
0.08293572699644539 0.0746121281599816
-0.02143798751595739 0.09917223386598326
0.03814457739714346 -0.011737359671983095
-0.01895861708163068 0.12318274395564005
-0.10170273496505428 0.14512801732265138
0.08527839371990077 0.030597320483395668
0.1503599781807118 -0.09482850061226762
-0.09823803933472675 0.030098657649991725
0.15037666625686044 -0.017472450554896005
-0.06823922063231122 0.00960016668077838
-0.12776035045413733 0.10705205789174027
0.01273889861305141 0.09717169456478762
-0.09551059802542708 -0.07641790170699381
-0.02607675135232009 -0.002104244917062424
0.036710149649641984 0.09577379633268669
-0.114113628107246 -0.1883077205120227
0.011976090681144289 0.06345348418952784
-0.05592236948086554 -0.06481873683106847
0.08584204070322793 0.016856340549075016
-0.08096775482479467 -0.1501582315702755
-0.08435454341821458 0.009505678243160365
0.05544873170752801 0.021629433626685242
0.030445173150153992 0.07633131156542679
0.005501793626285909 -0.021139007897084824
0.12467316964782707 0.017348327469534394
-0.014900425606095962 0.028847515127990872
-0.0575102154921579 0.048901974888224814
0.04348969526111872 -0.09099524526006163
-0.15793059969916654 0.027753780993355518
0.06522253926015553 0.04354755662788847
-0.026311380042883296 -0.0064217088645042615
-0.20311957074377188 0.066692630423441
-0.007307270809655769 0.004402302838874526
0.04205535635583387 0.033294482250795086
-0.0112041857399712 -0.10384955041341733
-0.05112861426519858 -0.04083350881808724
0.12558940380365716 -0.1409564499409448
-0.08014025067696565 0.059962789979065484
0.0315726528368954 0.07157547426614189
0.04588841897983702 -0.027687928319995794
-0.02630696900026998 -0.028992959767753165
-0.0886210564001367 0.04796055100406572
0.0631716145076917 0.08256644199640721
-0.0062157324572959805 0.035136899187343404
-0.11875186120786171 -0.007666462899790404
-0.025947973913849443 0.03073370761667645
0.006099852604156214 0.05893477353203054
0.04127170456282118 0.033396961435500326
0.09228707216932737 0.05429175403985957
-0.10528697432680365 0.11300144047436719
0.012867759716237501 0.09703302835601423
-0.071379010294767 -0.04962297320782093
-0.02455442088539768 -0.006631392336014523
-0.06050333931552894 -0.06010340532348998
-0.05689921500359472 -0.07852314318499763
0.09687748121435008 -0.06929999605145017
0.0002603281800327564 -0.08373148523393709
-0.12034760555213078 0.12439956395281374
-0.08855949494227681 0.085745565742061
-0.0968623146695794 -0.017060336653421528
-0.026055186771962956 -0.014459434728384192
0.08248068432496959 -0.08230115205399549
-0.010701315134408028 0.08494340042316997
-0.10170416530090534 -0.05028870336459921
-0.012122223124109597 -0.15887393497842595
0.09151367779367738 -0.07191506051184762
0.06335064696107448 0.0016956266078106913
0.06710504287942076 -0.10722944545230054
-0.0071263208283912464 -0.026378466586759255
-0.03367440280334363 -0.022194974486219977
0.024505809875699856 -0.04102616828485105
-0.10078303752656925 0.15875825361147874
0.054522588040900544 -0.11238551158408373
0.01939459619024673 0.04522278982796534
0.038976121011231574 0.05065793606249551
0.002787867041657681 0.0480294109113203
-0.00915574482142932 -0.07111699944343497
0.006619295874001813 -0.12794222865446223
-0.022389260145230502 0.15812698137711417
0.0811682617850622 -0.10782303815455294
-0.06575014725675979 0.041535750218593424
0.020885498893104378 0.001134710237395814
-0.08452293938343146 -0.01441512989460092
0.010433424109452416 -0.012893187552712928
0.05128755270166666 -0.17117227124073695
0.08111637281922747 -0.08739068683351972
-0.06033418704058075 0.005868283501492521
0.11168158649222126 -0.05389211886397031
0.03362614682984301 -0.04787416513311498
0.03356600571628152 0.01819146504304772
-0.04355198286139958 0.04677101426591995
0.13820616818929587 0.04315928473618115
-0.04691463854298035 0.03250263673089195
0.034253889024713526 0.004020364373567713
0.058687561483080304 0.015662521947457046
0.240171820568254 0.07040742658940724
0.1417490991390583 0.07281043766537056
0.006103146406018149 0.01929378534415463
0.0015985653248317148 -0.010899835523723353
0.07195756447847286 -0.046969982724551704
-0.076447382788981 0.006876564161602976
0.06104517553950742 -0.05429689632697183
-0.024853436456287115 -0.09284035012874481
-0.039036496259305935 -0.03622379427013144
0.03615491755971761 -0.045379109767718015
-0.09414098033006839 0.030857392021967033
0.14156246099857528 -0.00570669672636829
0.00816872728527279 0.016307012690129106
0.03595773212901012 0.020484671403642622
-0.00814690890838025 -0.06213608210811806
0.0631794828216843 0.06179506059770755
-0.1657136585803051 0.07632853488624426
-0.006623758076384018 0.053664370833110236
0.049339652303330234 -0.1258001044992324
0.03054529996173635 -0.05991716766231838
-0.02957909567396606 0.08578587141617716
0.07978040475839283 -0.014762716303705644
-0.09925700099450657 -0.0001239433423540982
0.018658289378317972 -0.025947026934754907
0.08045831941290964 -0.05316088308867674
0.12125398322729722 0.08657706700629514
0.04646229323061961 0.04261280628744546
-0.021455261135819224 -0.09840910245276636
-0.2169801517478767 0.002372987920928169
0.050829922298771105 -0.09804206329623348
-0.02289161261164783 -0.12064083404872493
-0.19368378113974122 -0.09135950230386986
-0.003186935050963176 -0.1000144828233604
-0.03098791427490428 -0.014592324960930608
0.03854542706517375 0.06399950682317396
0.11485237626519744 -0.0002033834601272836
0.03986020650472565 -0.008276652369953428
-0.07047957182429232 -0.016014935654445554
-0.09669150447783745 0.0030179244228242573
0.030881985516411435 -0.0669800506997962
-0.06143031109800836 0.022471054965047185
0.05312706227389369 0.05697175146311515
-0.013902750596051882 0.06264122689481444
-0.049511869866401964 0.019640805003550497
-0.1343475373489805 -0.09588199557714677
0.02342223636653886 -0.032163116831355615
0.007926766626991221 0.012313786654933516
-0.07891448802141623 0.09206368822818799
-0.0030323163340371935 0.06900426968150743
-0.08443551866608119 0.007873802881057558
-0.06296106118190459 0.06605347237229486
-0.08732047800065121 -0.1532818789881806
-0.08124980867455307 0.06480666801567946
-0.0904459870466364 -0.045884953832087044
0.08130331331968639 0.12899113417058886
-0.055435273245889476 -0.020466417799079456
0.06860094584816538 -0.0033536618783804356
-0.03408190436791701 -0.028726821191580515
0.11939157502751016 0.013789389453185755
0.021802254538287037 -0.028758122825492612
-0.04982971725866255 -0.005838282379038366
0.05850618533213825 -0.029925942339212284
-0.015666900622597662 -0.05089591713405219
-0.09292380428374011 -0.07928864168503122
-0.08097157051840997 0.005562673088528571
-0.028970196684881058 -0.006071310755979006
-0.00511963780640896 0.026662934514950384
0.08331225843670392 0.03292865434830796
-0.0731171391236181 0.15553088512824012
-0.012701880542647844 0.11477005461846025
-0.06852833151117683 0.13712291771219845
0.028911524149685678 -0.04581665121469987
-0.033144416680740085 -0.02047344359091633
-0.02864484975405678 0.07268260084252472
0.12404658919684809 0.025754360344075352
-0.02082895962244245 0.09806456654268576
-0.1011169866271592 0.007332423350572704
-0.0837402790118951 -0.016947030023002713
0.04672533206868254 -0.02875917043902111
-0.03984211574626556 -0.04221775709863903
0.13441874644935314 0.050492802156553454
-0.03603279921207457 0.031074523785736836
0.003023826554913615 0.057767939287569715
-0.1119972292820853 -0.0646445034099583
0.03425535307102612 0.08435741593331568
-0.13911464220126574 -0.05209857685406366
0.012325306310192482 -0.08789435271952846
0.017985074845045235 -0.010038948572843313
0.004448196438343586 -0.024531839354403062
0.057437829772782424 -0.025404366193256183
0.019445475704079517 0.08938484579550947
0.0005733324793939598 -0.08025166420792569
-0.06872619964328344 0.060368043075857414
0.024545638250695022 0.16783936058448934
0.002083862709485783 -0.09750268493687558
-0.1386102199760651 0.07094826267305626
-0.09532942236798406 -0.002931692357072086
0.11932490939342115 -0.039077405892411224
0.003820056433560595 -0.005261344394086843
-0.041242874433266706 -0.038233989590239985
0.03406194362471708 -0.093136162071647
-0.0017532303238810838 0.10283433129227156
0.0763587205184877 -0.09640407453036559
0.019247746385539326 -0.08222636852813534
-0.046441892537406146 -0.08289322304166931
-0.011015337592471168 -0.14491852976726222
0.12347975282405564 -0.060450493066194176
-0.007815075359319237 -0.07262504524279093
0.03635969133062519 -0.10151836144902959
-0.1697829243651527 0.001722881270144232
0.035831554341427936 -0.02524536969640572
-0.14063525361289514 0.01759835900248244
0.024819936030868007 -0.10750061882549557
0.08610473352493511 0.004137133890308029
-0.020509649105276594 0.0511249299118765
-7.342021579805029e-05 0.1354227265789584
0.055950424156935595 0.010319288636166312
-0.08063095029300613 -0.1340114425324288
-0.09867972375725978 -0.02510389685229018
-0.07311942025506513 0.06952596302013078
-0.020221833443924225 -0.04805965787342143
0.08497031175953869 0.06705474336654194
-0.02041407696221817 0.031003791207143794
-0.005747748564718212 -0.012437625437021699
-0.008898217929329884 -0.002795555299047075
-0.10038438682669025 0.06392687332256819
-0.004870435939722069 0.08561052229781718
0.08323497151988384 -0.08311907429638926
-0.07253961748807353 -0.07644184629220548
0.006865212892692805 0.022573268699177643
-0.09284540455441015 0.0039004612921229513
0.04710109614241169 0.006849542209819884
-0.025058503632086455 0.07183605125397989
0.07379256224128594 0.07319860599656079
0.07975886336092855 -0.02858941030928453
0.148645981793588 -0.040237571915441285
0.09861319775849313 -0.017310185536303167
0.08923312009034497 0.008913550968104348
-0.09643005357142226 0.11996506058232355
0.03259629684161369 -0.06489157724890615
-0.033483171491866845 -0.019027736068204935
-0.01844899565357469 -0.029217768201123068
-0.03521748299293819 -0.1059647422543627
0.02718498962363579 -0.04005917278464209
0.023831406875521412 0.021063047930516884
-0.04091177068120307 0.030180636175627037
-0.09226237192526815 -0.02139352072839346
0.010803043461345817 -0.14181121763001883
0.013094976072540752 0.006556029004973938
-0.10539973077855397 0.07934053992163542
-0.029578022960309425 0.06617334324386644
-0.08895822669389981 0.0536010688908873
-0.10668017165088202 0.007210372638069949
0.015443196784376478 -0.1170644886170655
-0.08534761677250641 -0.04924691503898316
-0.04751614935883698 -0.03109413573736925
-0.1049782452008948 0.011355623392649563
0.03910306800790396 0.050965471089497595
-0.0005469118273302924 0.0229739478632652
-0.1378544352366538 -0.07207701822459513
0.08243731706887833 -0.03455133745069596
-0.06324286093025515 0.02682312351900318
-0.038962457746386445 0.03992880448261129
0.11074671007771662 -0.057864807898582525
0.09466614805163184 -0.07078104141746473
-0.12907532176305392 0.04863723357567322
0.004624623648857558 -0.07889321252894163
0.015200624814945924 -0.04353739005283354
-0.06806521251492904 -0.04239109984287588
-0.06608187573118984 0.025695445827887183
0.010445547037810015 -0.06144536332974375
0.17379735133926658 -0.0024660966052052927
0.07593924966698305 0.12244475672512752
-0.051357807151533735 -0.05614492036794089
0.1448797337846851 -0.07812905002062012
0.03658307628205066 0.0003197460469863672
0.061170452424101816 -0.0927576807293762
-0.058886256010215784 -0.09081903066880125
-0.0872095932463248 -0.02160981159153203
-0.024053675627078584 0.08108043485902831
0.004393506980089588 0.019815778914166186
0.01990533019284399 -0.006153732942532631
-0.004080896777486877 -0.006272030346309848
0.019174226012482917 0.11009466840175723
0.0593667806949729 -0.009725460139804479
0.03377859967674677 -0.09317559882914642
-0.03214498190281415 0.054766368429047
0.07539914283305062 0.04201744725672916
0.009113229352330564 0.13123875038531926
0.02649853423122223 -0.11318668826096519
0.048512718218735915 -0.04672110908842889
-0.017727593940940825 0.08197810570400674
-0.03722563132574611 0.034774081650596006
-0.022100511178239985 0.07586919105165718
0.022496940816966963 -0.04867331310788179
0.1448712652848391 -0.1508327862919789
-0.050996015174579336 -0.01055234507879015
-0.04724040361899613 -0.09964100559342733
0.008503678864139318 -0.1532898009603129
0.01624161143995579 0.0016070956427959827
-0.05895922689559883 0.06515957699111191
0.18976765225194053 -0.08093252162860232
-0.09074214667636626 -0.0989237661062482
0.00865902628982646 0.05871363417018986
-0.039506881796550736 -0.11121383160843389
0.07545570765460119 0.08078382098816095
-0.015242296017163762 -0.04781325457252521
0.0036939028844085774 0.06128123933660449
0.036522822778430865 0.0711008452178717
-0.0166593399341892 -0.05215188489623064
0.00571203026048489 0.03251961884937438
0.0675555969787074 0.15865382609594963
0.034781555628313005 -0.029253044007895943
-0.0534388222369356 -0.053139906053489804
-0.09173259605212791 0.1362035107077992
0.016786887115113093 0.16006693489715068
0.059003701554301 0.04795440620461363
-0.005519858400270536 -0.06116361677533595
-0.12141675183176434 -0.0073859385016538815
-0.060880767785474535 0.06405828962454141
-0.08708550059066848 -0.006001280398400334
-0.0017834590091700625 0.0013084581236896846
-0.030939145420720817 0.045967948114236705
-0.1843338679154288 0.036849426099060306
-0.04019658234114678 0.018140215554889844
0.10401209166113794 0.054120041501155736
0.11366862454791361 0.03399965979656586
0.00792064352853663 0.09494249337147535
0.010460116999657557 -0.028316583626779593
-0.02869546501442543 -0.1185334728578256
0.015074788690929371 0.07440718555414598
-0.051497477529473 -0.07563995162741202
-0.068138346036341 -0.07676759391601862
-0.019658035322215918 -0.07095071568978496
0.06686338761286487 -0.12664905601899
-0.0389127869898642 0.029421265518965345
0.03743620207965755 -0.019354843769185826
0.02109236893423249 0.07892500038783437
-0.05822091477214978 -0.029863483131678345
0.01149477075052433 -0.09422985859166591
-0.022855374318244477 0.16706750876997659
-0.030799882206325853 0.007128576440349791
-0.14205711715539152 -0.004887177272947703
0.13698441247865253 -0.022615161289411167
-0.044433455556946624 0.07488118088604048
0.05009964717496097 -0.058948027112956346
-0.08666230990175995 -0.09527213744080157
-0.015457640386748886 -0.006542485045540234
-0.04289825314917121 0.08528695277105446
-0.07893183932891684 0.1824751354162182
0.051620032149660815 -0.04003770379521473
0.023091694305344808 0.09499037432159838
-0.0718553412801623 0.08806996967058318
-0.03858150819053938 -0.07698727859413838
0.015992903114107667 -0.04269686764010512
0.08859306439213811 0.04880915704152063
-0.0037578243492680016 0.006770073371654737
0.024997738888294867 -0.06426164626333394
-0.026696696198138303 -0.13117664281959698
-0.005805745703059072 0.1578778222153266
0.09185887342959541 0.03967907350160366
0.060388371777060315 0.014786569309383378
-0.08137752014009632 -0.047459177728232826
0.09001855930177038 0.05679748003560677
0.0019161800515702253 -0.027298420220899476
-0.03853162172757334 0.10669541549390583
0.10552717897669085 0.10117076826302725
0.08017989221539193 0.056588270776129795
0.05957250382925017 -0.02750395557455782
-0.08907187989667628 -0.07263813408710729
0.040961910855319535 0.06150244519634684
0.011098106022814814 -0.054131801619364206
0.04548919509803249 0.11304019465992834
0.06449807640701741 -0.08593423829744508
0.058935609410733135 -0.10948121711493392
0.1303167312995753 0.015607864083716332
-0.08394514020967729 -0.10316394425307852
0.03826748090730645 -0.06437110753773682
0.04934217215805228 -0.10042900509469581
-0.009138694473795544 0.010190810010168607
-0.03445302162338096 0.09053804761795298
-0.017089238084686324 -0.010276139099109185
-0.04313751686210956 -0.038162955683315465
0.0011876715059802867 -0.14092687046730093
-0.07255646292646532 -0.07210623106013822
-0.05156140388414752 -0.01783847616728066
0.014411299324091326 0.06734379241533753
0.010281094221916861 -0.029780371648017098
0.11343890341534546 0.0632585455300926
-0.06580880480130452 0.013041511062769033
0.1023866218129368 0.10787692763679885
0.11327708454976097 -0.021268976060330836
0.07603773528279795 0.13889666110866675
-0.02540006648468387 0.06751862700490782
-0.04412344266464069 0.08054047055801337
-0.009265990178242225 -0.07536084507630084
0.006882310658062236 -0.049923386701934705
-0.0863465161901654 0.08886638711521834
0.10093732151042105 0.14505243015086874
0.060074939519878356 -0.034509135983729886
-0.09148588667938203 0.08216441612316196
-0.023584207351541597 -0.07150343555703935
-0.02095787465153058 -0.0015799137675336352
0.04359818521804859 -0.017307557043332106
0.0398035807022922 -0.05070756298519377
0.0704360387399208 0.030740948497092517
0.06609293097927563 -0.04050480647733871
0.07114351022147837 -0.12671311709836214
