14.383221617181611 -0.0
0.0 -0.0
0.0 -0.0
0.0 -0.0
0.0 -0.0
0.0 -0.0
0.0 -0.0
0.0 -0.0
0.0 -0.0
0.0 -0.0
0.24664457342516571 0.5350960408126475
-14.352610974138392 -0.0
0.0 -0.0
0.0 -0.0
0.0 -0.0
0.0 -0.0
0.0 -0.0
0.0 -0.0
0.0 -0.0
0.0 -0.0
-0.36006582315549196 -0.3032247309648237
0.09368560075430055 1.7396833226936048
-13.923242102709304 -0.0
0.0 -0.0
0.0 -0.0
0.0 -0.0
0.0 -0.0
0.0 -0.0
0.0 -0.0
0.0 -0.0
0.7048470961073563 0.20002186213819606
-1.5110096244721642 -0.34815871242510443
-0.666324606576888 0.8101028458353821
-14.326159785680307 -0.0
0.0 -0.0
0.0 -0.0
0.0 -0.0
0.0 -0.0
0.0 -0.0
0.0 -0.0
1.0091307533702456 0.882716845302034
1.3538505511488652 -0.1748881858741529
-0.4876873685251317 0.6194766298206363
-0.017139795428945198 -0.4139507524115534
14.596123954212917 -0.0
0.0 -0.0
0.0 -0.0
0.0 -0.0
0.0 -0.0
0.0 -0.0
0.4851096148008575 0.3938390513733715
-0.608481614768409 -2.2123500447389532
-1.5154632165044095 -1.239824914740789
0.23092340081187013 0.29137789381321777
-2.1047621477619813 -0.3649251741504216
12.600778481381058 -0.0
0.0 -0.0
0.0 -0.0
0.0 -0.0
0.0 -0.0
0.1511433025609611 -0.2791958888526588
1.2146962696335741 -1.9232038914469414
0.7189481917543178 0.5668853535063744
1.2153432070947756 0.1922615866447348
-0.37573500044706054 1.708145802929985
0.3421305881857241 -0.47418081918232
-13.722114055868174 -0.0
0.0 -0.0
0.0 -0.0
0.0 -0.0
-0.049166984527687196 -0.48347630356561333
-1.8454257271839278 -0.8884026855840177
-0.9738860479940401 1.7492565369098871
-0.30566336953429407 -1.2449880936069624
-0.3574954268365804 -0.4598591586056377
1.4005461267900432 0.2370409529131119
0.1722191807943303 0.9972088029679875
-12.688443059303632 -0.0
0.0 -0.0
0.0 -0.0
0.8128289715789283 0.7048701298802129
0.07943022354384488 -1.1973811509326167
-1.1532581255902952 1.6960677694971549
0.14225235992901153 0.009534297923780799
-1.2146841530492718 -0.21855992703707172
-0.11102745319927276 -0.545577930394308
-0.12417052259990924 1.5733981420399046
-0.8493119432841483 -1.3361857192987245
-14.056490671354751 -0.0
0.0 -0.0
0.7351416783939132 0.6694300191926128
-0.5533923272371624 -0.13893088466024417
-1.6903529635308392 1.0592188975615033
-0.7814663632940126 -1.454207874653366
-0.8200424149047012 -0.32950322755360184
0.7147420482462826 1.2543305734388546
0.849770844788299 -0.29240537169369857
-1.1324191993641672 -0.861400477295159
-0.6440325919157859 1.2012449617965515
14.552783365153932 -0.0
