-14.341671773980211 -0.0
0.0 -0.0
0.0 -0.0
0.0 -0.0
0.0 -0.0
0.0 -0.0
0.0 -0.0
0.0 -0.0
0.0 -0.0
0.0 -0.0
0.690316823410545 -1.9459572852985254
-15.655267448349115 -0.0
0.0 -0.0
0.0 -0.0
0.0 -0.0
0.0 -0.0
0.0 -0.0
0.0 -0.0
0.0 -0.0
0.0 -0.0
1.2171227172474035 0.6462423449527026
1.035356043472651 -0.7229120694319922
13.881558472848477 -0.0
0.0 -0.0
0.0 -0.0
0.0 -0.0
0.0 -0.0
0.0 -0.0
0.0 -0.0
0.0 -0.0
0.10804950188364526 -1.1239770780580098
-1.8211749805588722 -0.5371480863824237
1.4806960394742186 -0.3771426689168833
13.377132174581757 -0.0
0.0 -0.0
0.0 -0.0
0.0 -0.0
0.0 -0.0
0.0 -0.0
0.0 -0.0
-0.5823584643150763 -2.8259038291504
0.06379830253247132 0.42480749483620894
0.8870794972877344 -0.1788605333350214
-0.7464706002174486 0.21199864119123543
-14.087024035994114 -0.0
0.0 -0.0
0.0 -0.0
0.0 -0.0
0.0 -0.0
0.0 -0.0
0.9187129275280173 -0.5209363211478357
0.622481990212394 -1.536341078814342
0.8621441572380513 -0.03923766405782658
-0.4177704788421873 1.2105548039874972
-0.033547306290512835 0.09026964460632358
-14.260498426532994 -0.0
0.0 -0.0
0.0 -0.0
0.0 -0.0
0.0 -0.0
0.11417195306142691 -0.21219395511747394
-1.6974345753794522 0.09445714453450338
3.7197538134865953 -1.1387783756879377
0.1719394949294374 0.7723257438428992
2.1317222636594093 1.640622160917069
0.7368397687585999 0.4428651989697894
15.255402128606507 -0.0
0.0 -0.0
0.0 -0.0
0.0 -0.0
-0.646474897253048 0.372974345391451
-0.4577913391219393 0.11156908620502315
-0.4221221731750029 1.4355503465812245
1.286737662320466 -0.30840548504735066
-2.4536275871439863 -0.2663405924106814
-0.11404260967330493 0.26141692454743964
0.9470272971719779 0.4258370674142604
-13.37754666063317 -0.0
0.0 -0.0
0.0 -0.0
0.6444308650147297 -0.2953704625535192
-1.693900979019389 0.3096708344552235
-0.495449424191755 -1.262078329984854
0.3294345553165544 -0.7746996255864914
0.22329020868640415 0.8948220207309553
0.02182712538845033 -0.6028097844570068
-1.2364714256003704 0.19123951262757233
-0.6846830757839856 -0.6809180638537891
13.877329811017301 -0.0
0.0 -0.0
-0.20162483084461602 -0.48438514633605534
-0.2578180072114782 -0.4871194851375262
0.8335584786996483 0.567812896201722
2.304925189607197 0.26024243295123606
2.507866528801543 0.7352622879630872
-0.9359806217455255 -0.8667777852621374
-0.19515673849679765 -0.6330134739061407
0.5755380932874461 -1.4604361841797768
2.198102647701433 -0.9490757996444856
-15.099753387359096 -0.0
