-15.079248619598689 -0.0
0.0 -0.0
0.0 -0.0
0.0 -0.0
0.0 -0.0
0.0 -0.0
0.0 -0.0
0.0 -0.0
0.0 -0.0
0.0 -0.0
0.07770353175570599 -0.2116192033704927
14.021896220741132 -0.0
0.0 -0.0
0.0 -0.0
0.0 -0.0
0.0 -0.0
0.0 -0.0
0.0 -0.0
0.0 -0.0
0.0 -0.0
1.4531810771391438 -0.7125522739492821
-1.0398911973032066 1.3059967776177859
-13.20133011293882 -0.0
0.0 -0.0
0.0 -0.0
0.0 -0.0
0.0 -0.0
0.0 -0.0
0.0 -0.0
0.0 -0.0
1.2804802229448395 -0.7878700856769014
1.1452453236477842 -1.1534358677525272
0.27735965283781094 -0.2723128292271841
13.99345006067064 -0.0
0.0 -0.0
0.0 -0.0
0.0 -0.0
0.0 -0.0
0.0 -0.0
0.0 -0.0
0.20902004225834891 -2.737202537522658
-0.14365589665634312 -0.16151887848743018
-1.4201721965143606 -0.387417370102088
-0.979547696948433 1.3314181285765716
13.161979741552084 -0.0
0.0 -0.0
0.0 -0.0
0.0 -0.0
0.0 -0.0
0.0 -0.0
1.1234948881460356 -0.3051368823481526
-1.5034107296744026 -0.6072606897900863
-0.36146315159922043 0.44351458062934696
-0.09716140831473141 -0.1525377845230116
-0.24858581288841997 0.25524754919023696
13.867906300674644 -0.0
0.0 -0.0
0.0 -0.0
0.0 -0.0
0.0 -0.0
1.3463566272032257 -2.488890466756231
1.5665797766985243 -1.3792210797028646
-0.46021429535279523 -0.9671738393353818
-2.8854364155092194 0.6243713900763224
-2.7681168084076715 -0.3236858609907591
-1.3726146812757751 0.5903319103179167
-13.567292467901533 -0.0
0.0 -0.0
0.0 -0.0
0.0 -0.0
-0.19382997483528988 -0.24321588704605457
-0.8448208463706094 0.20161181036948017
-0.8199707998240512 0.2044534946353349
1.375990039265702 0.0650678700295928
-0.2546945566159846 -1.5289557117749848
-1.7099022490047513 -0.6024631877105384
0.022106010757527716 -0.7376769129536581
-14.011073919381934 -0.0
0.0 -0.0
0.0 -0.0
-0.12346432637589105 -0.043005708565135664
-0.4836788349601914 0.6634002810433138
-0.4613285599569943 0.3592676609886787
-0.3324179679753686 0.35424347411781004
-0.33277305492615894 0.427915669213375
0.4340412746143949 -0.2760356549371331
2.017723794190206 -0.8628537630386188
0.9478229226586019 1.3330921721289508
12.84041344768286 -0.0
0.0 -0.0
-1.9853991978351884 -0.36633470398773177
0.36477756101569003 0.17451648784562823
-0.6682737617401094 -0.6677570418799337
0.012104080734182343 -0.573777573630592
0.3962513003057938 1.6031335945503744
1.4192448119240981 0.8089759439190489
-0.23061481226468405 0.6812029014501909
-1.9432851658631605 2.4449199646061976
-1.0712381297141949 -0.184462186358898
-14.5872339109182 -0.0
