-13.60994191853455 -0.0
0.0 -0.0
0.0 -0.0
0.0 -0.0
0.0 -0.0
0.0 -0.0
0.0 -0.0
0.0 -0.0
0.0 -0.0
0.0 -0.0
-2.245331428998352 2.7418490934749054
-14.195551338091533 -0.0
0.0 -0.0
0.0 -0.0
0.0 -0.0
0.0 -0.0
0.0 -0.0
0.0 -0.0
0.0 -0.0
0.0 -0.0
0.6481368234404511 -0.6277715220236957
-1.0693865557704993 -0.6838089218719938
14.981278265299567 -0.0
0.0 -0.0
0.0 -0.0
0.0 -0.0
0.0 -0.0
0.0 -0.0
0.0 -0.0
0.0 -0.0
-1.818344464524798 -1.1804729980608788
-1.2244189902851823 -2.0351658641019417
1.3704531846598436 0.8076686410921727
13.800802166294135 -0.0
0.0 -0.0
0.0 -0.0
0.0 -0.0
0.0 -0.0
0.0 -0.0
0.0 -0.0
1.6268529486192513 -0.2338148997916224
0.7853785232774296 0.3981153760650172
0.7373479003690757 0.6600216068423232
-0.18814455627838364 0.6231587619622506
13.930463357597366 -0.0
0.0 -0.0
0.0 -0.0
0.0 -0.0
0.0 -0.0
0.0 -0.0
-0.4286876023018136 0.14612234847739947
0.9683666963569955 0.3581553650443182
-1.2805192223943789 0.8827753002412448
0.6499180861678018 1.1978041707611442
0.8462788548897249 -0.8323436996922178
-14.669410886199183 -0.0
0.0 -0.0
0.0 -0.0
0.0 -0.0
0.0 -0.0
-1.7811475078926038 -0.5044609595978257
0.027729451888669626 -0.15936391880152923
-0.9449144326305192 0.7446879917641696
-0.49372259762536586 1.2859298013149354
-0.8880926552145023 -0.5248179454252306
1.7311991430489502 -0.3119714857354464
-14.690890875207165 -0.0
0.0 -0.0
0.0 -0.0
0.0 -0.0
-0.40461221058662916 1.0394922834438625
0.2054221448449821 0.16178826639119254
1.1083730297463381 -0.42991783638466696
-0.8442724700390122 -0.44974301573650166
1.4134652001881707 0.3140188234751278
0.22241378968826508 0.7287219489939727
0.09403562060048176 -1.4924781320249334
-13.3805868147097 -0.0
0.0 -0.0
0.0 -0.0
0.8782300294859158 -0.18638608033933635
0.29018774006618075 1.4179533821430272
1.310987015596293 -1.2549105632694604
0.7026623189330405 -0.7795859873441454
-0.470870727816715 -0.7797820683521374
-0.10302305503225573 -0.9269864714477847
-0.5454990354960871 -0.7504471059924823
0.27673856791736534 -0.9110394378252527
13.382545805657472 -0.0
0.0 -0.0
-0.28308438876361364 -1.5939332345273018
-0.5268557162662191 0.006012886017422503
-0.7957557843828736 0.9037500680496346
0.9996639617656542 0.3290454104627649
-0.39540580442487583 0.7419064276344229
0.688143809547335 -0.36306275790985787
-0.09119702090373549 -1.5650515071975792
-0.2918070324459653 0.05248840173703884
-0.8718156394652782 -1.213787203950534
13.27197555176647 -0.0
