-14.340450786886782 -0.0
0.0 -0.0
0.0 -0.0
0.0 -0.0
0.0 -0.0
0.0 -0.0
0.0 -0.0
0.0 -0.0
0.0 -0.0
0.0 -0.0
0.8229022328241434 0.49734279609132565
-14.85764319874154 -0.0
0.0 -0.0
0.0 -0.0
0.0 -0.0
0.0 -0.0
0.0 -0.0
0.0 -0.0
0.0 -0.0
0.0 -0.0
-0.8409916720677216 -0.1779548680192775
-1.504376081433446 -0.5831093264857844
14.215950681094093 -0.0
0.0 -0.0
0.0 -0.0
0.0 -0.0
0.0 -0.0
0.0 -0.0
0.0 -0.0
0.0 -0.0
0.2884553860840906 -2.326210709548156
0.3062087459506501 -0.12590220896252086
0.6245842035018896 0.46680002193168657
-12.909965842562771 -0.0
0.0 -0.0
0.0 -0.0
0.0 -0.0
0.0 -0.0
0.0 -0.0
0.0 -0.0
1.0414125804015777 -1.0055200395743449
-0.24214240142359533 -1.0266931051161416
-1.6339355300395386 -0.0315334156295642
0.23562741464333442 -0.23847168640192518
-13.580256357994077 -0.0
0.0 -0.0
0.0 -0.0
0.0 -0.0
0.0 -0.0
0.0 -0.0
-2.0697147035183834 -0.2000095234099466
-0.5160261264880244 0.5392827113149028
-0.5418644533297725 -1.0500828870669934
0.36788172700489263 -0.7210826533576078
-0.07845616712434111 -1.1938600677920794
-13.43206066665923 -0.0
0.0 -0.0
0.0 -0.0
0.0 -0.0
0.0 -0.0
0.6479440882033976 0.5460862060499714
1.68922960370068 -1.8124937598569384
-0.3089550685103073 -0.3192220028615182
0.2945509328380156 1.0532532140144253
0.013731517525004816 -0.26563373216644415
0.43969003869426143 0.9087282404711516
-13.264394681821681 -0.0
0.0 -0.0
0.0 -0.0
0.0 -0.0
0.013349339131609073 -0.5464748748950541
1.2061097547318322 -0.6650752013681902
1.6687523995573008 -1.4929610786032699
0.06541425974373816 0.6911803540177487
0.9705953475362237 0.381021551903056
1.5133202057315063 1.1325204222377014
0.5061313640160107 -1.9000465690784236
13.541112680763966 -0.0
0.0 -0.0
0.0 -0.0
0.06858834034044192 -0.23721897503776015
-0.6143993242227647 2.3763885661514337
-1.333569187694173 0.19052031236087696
0.7178401124232653 0.37770149335418035
1.2728803119172007 -1.1483967751920026
0.39360056314326297 1.3206189769698429
0.33916201554844116 1.584455394145094
1.3937324332886605 -2.360069985790773
14.569035513429402 -0.0
0.0 -0.0
-1.63666039956192 1.0725114844952932
0.0743069491582693 -1.5105816975737045
0.7438883444802902 0.6875456502144579
1.6714380772704753 -2.131135532411999
-0.8262461250384838 0.6885502683738876
-1.3283074118833713 -0.6849776328858266
0.9987798414479235 2.028956793147379
-1.1576209718158048 0.058636048325864554
0.6741278613605441 -0.6072583696544965
-12.698378389689365 -0.0
